10000
28 39
2 97
9 9
98 11
68 14
33 18
24 40
100 92
91 82
82 51
84 55
71 92
60 95
22 8
63 2
57 72
53 64
46 92
52 7
84 88
4 27
75 46
76 74
1 47
59 6
15 83
83 80
67 80
50 50
20 59
90 95
27 26
46 46
83 37
97 97
21 56
32 44
76 78
43 74
80 22
47 6
14 96
55 1
40 10
42 87
62 50
63 93
3 67
61 7
13 67
88 62
67 57
64 17
67 5
57 75
1 19
52 96
20 14
43 55
29 8
95 81
28 78
2 10
95 99
42 18
19 46
81 6
15 17
17 36
11 10
37 8
73 30
10 90
73 5
78 72
48 39
46 30
45 92
58 29
55 98
8 71
45 29
51 19
59 93
2 27
54 78
62 41
16 47
20 88
37 74
67 44
46 77
58 84
69 83
68 78
49 97
21 15
75 12
15 30
76 47
57 61
99 18
72 55
96 5
64 25
26 37
76 31
93 2
68 24
37 45
31 63
38 9
8 4
30 80
95 45
64 49
95 12
53 93
41 35
45 58
60 71
37 71
28 74
66 88
55 74
25 66
42 59
42 68
61 52
99 98
17 3
92 54
4 22
53 43
11 6
8 25
34 89
74 41
26 73
93 8
23 24
34 35
45 65
61 41
77 39
27 33
41 74
83 38
28 46
41 36
67 67
65 28
91 8
78 45
75 80
84 81
57 55
79 39
34 25
91 14
37 51
14 87
39 67
50 31
16 94
42 13
99 18
12 16
99 92
89 22
54 2
45 24
67 19
35 5
15 93
67 40
76 22
82 35
99 71
8 32
76 51
90 96
71 69
47 29
46 37
83 20
24 17
11 52
5 100
41 74
36 29
25 10
71 78
51 85
29 2
96 98
100 38
57 67
54 13
21 39
79 41
45 23
81 5
81 16
70 15
30 57
85 37
36 14
49 38
49 24
18 72
72 46
76 61
4 83
39 85
82 25
51 39
89 54
23 71
24 23
8 92
35 49
69 12
27 83
10 39
48 69
93 77
89 36
36 34
38 95
80 37
15 79
63 75
10 45
68 50
98 63
52 98
44 38
7 97
76 57
18 100
17 79
31 1
98 12
79 91
30 31
20 56
90 30
100 78
94 98
16 90
36 3
4 58
17 88
40 2
55 77
51 25
55 55
29 55
71 97
70 50
49 95
36 90
62 38
96 58
61 7
75 63
8 12
18 5
42 36
96 44
100 80
82 17
41 41
2 14
53 70
78 27
1 56
45 73
70 42
51 5
27 77
34 24
2 2
80 49
42 76
97 3
69 14
92 30
52 74
52 62
75 44
36 65
74 63
83 5
27 29
26 36
27 3
23 14
19 2
96 47
86 26
22 11
95 34
58 16
50 29
80 83
28 34
82 99
13 82
37 60
76 7
40 29
97 13
21 6
96 46
29 40
94 60
79 62
6 100
22 76
19 10
41 57
9 91
39 6
98 29
25 33
83 100
64 88
44 83
36 29
4 50
88 90
42 68
39 24
61 42
78 42
37 50
62 50
38 77
75 99
15 15
16 92
56 100
64 19
8 94
83 33
50 93
89 54
91 82
70 28
97 27
65 41
57 47
37 65
25 54
84 64
88 87
77 68
95 26
33 56
10 82
7 77
80 32
14 15
92 68
12 37
81 65
45 52
40 63
66 79
12 66
6 85
49 4
36 92
71 83
30 85
53 30
84 50
80 52
97 80
5 80
8 25
37 64
2 15
41 50
29 31
98 36
72 73
21 62
54 34
96 9
8 87
10 8
97 13
76 34
80 37
84 56
11 74
30 69
9 50
49 43
9 71
45 17
11 26
56 97
59 22
13 17
10 66
28 34
37 81
96 57
44 54
75 47
40 87
68 95
35 59
53 24
47 90
87 45
8 69
67 79
86 90
79 26
53 16
72 17
75 57
51 52
97 40
77 14
97 83
43 87
36 34
75 40
41 11
36 37
79 37
24 49
72 10
46 66
50 60
9 35
53 11
12 28
74 96
73 79
67 24
32 17
94 71
57 55
57 65
48 66
36 20
2 91
29 4
77 23
20 40
28 36
80 89
91 33
78 2
65 52
49 15
19 99
59 72
78 73
42 85
72 27
45 98
88 39
6 15
46 98
57 40
71 70
12 32
64 86
20 69
56 38
32 96
15 50
7 57
11 90
94 15
68 12
65 55
89 77
87 32
97 5
12 6
60 27
19 87
36 30
2 21
57 26
97 73
91 95
40 56
6 76
24 91
39 54
51 59
70 86
46 60
98 68
10 42
29 79
82 18
11 49
98 86
38 89
100 49
20 69
16 79
47 88
37 52
61 28
65 9
60 54
35 64
15 44
30 58
51 81
4 100
69 54
40 30
80 73
32 50
58 46
14 28
9 93
77 20
57 34
3 24
2 14
84 98
80 72
78 46
27 61
37 97
30 94
86 84
48 92
27 53
26 27
63 98
33 10
38 76
99 98
17 33
93 63
91 79
93 30
10 11
27 33
55 62
82 41
79 17
22 9
43 27
53 46
77 100
42 81
19 34
63 51
88 83
56 97
85 77
68 7
72 76
33 24
65 50
33 81
27 57
74 24
99 25
24 58
23 57
88 70
6 40
55 56
45 53
12 88
72 59
51 72
17 9
77 11
30 37
78 56
44 85
26 92
22 49
57 63
39 75
7 51
24 80
22 33
21 18
98 58
4 33
91 20
80 61
12 67
70 15
14 10
24 30
89 98
93 31
53 99
56 78
15 91
21 77
74 41
100 51
55 19
84 93
9 1
45 4
75 30
59 16
21 74
10 41
7 52
43 51
40 4
42 97
87 34
80 17
55 44
17 41
31 46
63 64
54 22
37 26
6 17
22 84
66 41
76 97
94 70
92 70
74 26
78 49
31 47
23 91
62 32
59 47
26 80
47 75
72 81
60 47
28 58
86 54
100 42
89 60
3 41
92 19
17 9
3 11
79 80
50 39
76 60
81 7
66 84
43 55
4 20
85 38
53 99
29 34
69 57
75 17
83 80
4 76
1 37
87 24
5 81
63 77
48 68
98 33
14 27
69 98
82 80
79 78
32 45
88 16
17 14
95 24
44 67
86 26
45 54
24 92
77 51
45 40
56 60
9 44
2 38
10 27
8 43
52 4
75 97
74 87
51 96
77 29
30 38
94 5
55 84
96 71
31 23
20 18
10 45
33 43
100 97
95 33
59 63
21 67
59 65
44 8
67 59
17 61
55 40
3 85
77 75
42 66
79 97
38 39
46 16
29 40
78 95
42 78
70 28
55 54
81 95
4 66
6 74
16 35
68 25
8 4
37 4
46 35
81 55
38 50
75 53
1 15
78 91
59 72
5 67
9 94
48 42
36 36
74 52
44 51
8 49
64 36
35 64
15 81
50 77
4 62
84 59
20 65
9 59
12 87
61 82
77 40
32 74
100 48
53 45
91 74
13 8
21 57
26 55
70 98
15 79
41 19
93 27
99 44
94 48
18 67
68 46
29 34
89 80
73 88
25 39
17 24
88 47
55 28
3 85
63 61
54 10
11 26
47 93
63 54
17 21
77 20
51 80
51 93
44 35
96 33
37 3
11 75
39 21
10 27
32 97
63 36
25 71
74 80
69 32
20 26
82 99
12 21
75 27
29 39
11 93
59 22
76 84
86 76
10 52
58 99
68 10
18 35
62 96
15 36
6 60
8 41
5 88
80 86
54 86
77 41
37 90
64 76
78 3
92 94
5 54
25 25
95 35
12 66
86 60
5 4
69 31
87 8
47 98
36 40
49 17
32 63
86 93
88 44
87 64
40 22
71 88
87 76
8 82
54 33
29 92
60 56
47 43
61 26
41 45
8 67
34 63
26 22
56 88
97 66
4 50
44 27
44 1
7 15
32 47
87 61
94 88
18 91
85 54
100 28
28 49
56 12
79 13
25 8
55 66
6 55
66 75
54 26
56 5
47 73
87 40
16 56
84 76
80 42
2 80
60 10
54 14
26 71
31 85
10 25
8 58
69 84
89 29
76 88
64 33
91 13
32 77
74 67
28 19
92 10
6 36
91 63
18 26
90 97
7 67
36 28
37 53
89 22
14 87
21 99
54 87
90 92
83 8
71 63
57 2
60 69
5 44
84 76
36 18
47 35
98 87
95 51
24 75
62 51
7 55
79 97
26 4
21 17
63 35
32 93
72 23
65 81
33 82
61 54
47 68
10 67
78 24
27 67
24 53
42 3
36 80
99 4
5 11
1 19
62 70
66 54
33 62
12 90
42 14
51 17
67 98
33 81
35 96
57 57
52 75
95 75
13 25
30 49
82 39
100 68
57 90
35 87
40 99
49 15
17 95
96 22
21 15
32 51
51 99
39 59
27 43
26 66
19 7
88 39
95 63
24 42
53 57
24 23
88 65
51 73
78 22
72 57
40 34
11 51
9 75
50 16
91 8
20 36
42 40
87 37
41 37
62 69
61 35
30 18
79 41
44 32
2 66
58 83
44 72
15 91
56 97
8 73
12 47
3 2
70 82
3 98
66 6
70 44
13 30
66 9
52 22
47 28
47 28
9 35
3 38
44 52
6 12
14 84
81 88
21 87
83 10
22 92
36 15
94 53
13 89
26 56
45 78
75 56
73 64
95 97
23 63
76 92
65 30
29 80
91 4
83 14
51 93
91 51
100 34
95 79
55 57
79 1
54 34
63 60
2 100
40 61
87 4
74 12
88 61
38 54
86 21
57 61
91 76
20 20
7 11
27 9
44 79
48 88
86 76
48 86
82 12
48 24
73 19
8 1
15 24
32 18
41 43
79 95
100 28
65 8
64 58
41 14
82 94
33 69
28 100
10 74
81 39
84 95
99 69
46 52
15 79
64 5
73 2
35 23
24 37
92 48
12 77
70 48
76 13
14 78
29 78
59 1
36 19
25 47
42 92
36 68
42 58
49 26
29 17
40 78
29 28
25 45
19 23
24 31
68 74
33 11
7 41
15 72
44 52
70 9
52 32
59 11
59 13
41 55
31 31
2 30
19 48
41 84
16 57
3 78
91 85
26 67
61 69
21 79
51 58
95 100
37 25
30 92
36 55
64 96
63 11
84 72
56 10
13 25
17 1
52 68
75 61
20 23
50 76
30 90
68 31
87 71
17 29
2 74
33 87
30 8
89 86
77 32
96 75
90 13
42 12
16 78
45 49
62 74
97 1
3 46
31 92
59 62
11 33
55 42
18 69
80 7
98 66
13 16
73 18
56 5
22 33
24 96
21 51
71 45
69 92
4 95
75 88
13 4
9 72
81 97
66 21
26 38
94 52
49 31
3 14
29 89
48 36
88 47
86 61
2 74
77 36
59 81
1 57
60 8
37 12
41 93
38 67
90 81
49 53
98 71
68 39
31 26
73 14
100 75
68 80
5 46
24 95
70 61
9 61
21 66
21 23
28 88
56 19
61 25
18 72
100 83
65 7
8 15
20 89
86 69
72 10
33 39
39 37
40 24
88 74
22 65
28 83
94 2
87 83
95 38
56 7
15 33
13 12
40 79
96 74
48 85
35 22
57 14
3 58
95 35
82 28
85 60
52 66
77 90
98 13
58 95
42 70
61 27
99 63
38 32
92 9
65 73
76 54
8 58
40 23
26 91
77 15
86 12
79 13
78 2
68 32
25 55
85 35
28 44
69 41
76 82
4 57
72 60
62 29
4 79
50 85
42 76
88 25
29 28
97 46
99 42
59 87
55 16
26 50
38 75
60 92
73 68
82 11
29 39
42 82
54 24
35 66
22 86
50 29
93 21
31 57
35 76
17 73
73 39
43 7
86 51
58 41
22 53
56 11
8 85
35 2
67 28
47 11
9 88
65 72
33 90
96 19
53 71
28 27
51 91
41 69
98 55
50 94
10 50
55 84
9 32
71 46
8 87
59 5
33 54
66 81
48 20
30 87
64 56
91 76
77 34
82 9
30 13
1 88
42 78
28 85
31 52
44 52
1 69
2 37
81 17
96 95
46 95
41 69
95 26
50 40
22 90
68 31
40 16
49 23
81 21
10 46
16 32
95 76
79 83
79 21
93 88
85 85
31 43
70 6
48 41
77 95
98 11
73 68
61 92
4 11
26 34
4 12
24 80
52 65
96 36
86 24
65 13
59 36
38 90
28 59
49 69
23 35
60 28
15 71
47 59
71 1
61 43
25 98
85 36
95 40
50 71
95 56
4 5
94 72
10 71
52 57
99 75
45 96
81 18
77 58
74 90
69 33
84 90
50 22
59 39
23 37
4 71
96 84
54 80
68 27
3 53
13 70
74 48
79 11
60 55
29 49
53 87
60 91
78 40
64 1
53 58
15 84
96 67
53 77
10 91
66 76
46 65
19 68
92 7
17 31
57 93
66 37
38 22
99 79
41 34
82 17
21 77
53 33
36 85
88 39
28 51
7 85
25 31
85 86
31 6
72 41
96 16
91 21
15 14
30 46
89 86
33 2
53 38
70 38
50 10
59 54
53 79
65 37
72 57
45 11
94 94
45 97
32 47
92 52
60 74
34 32
5 46
98 54
38 83
12 7
8 34
81 79
54 20
75 22
46 14
40 35
16 80
73 66
5 27
39 47
36 86
61 22
24 84
36 40
99 89
28 31
88 20
36 57
9 14
3 37
90 70
2 64
17 15
3 69
67 61
19 60
54 26
61 35
28 47
63 70
83 6
54 96
25 92
44 51
53 48
22 27
9 13
8 6
62 89
15 25
36 44
57 17
15 25
97 22
27 15
94 28
99 49
95 4
83 39
84 88
80 78
2 49
3 77
60 73
43 77
13 54
75 47
29 33
44 78
26 26
46 16
85 67
5 54
43 29
86 25
20 53
4 68
5 28
4 17
23 54
37 17
60 56
44 17
63 69
23 58
81 20
59 40
38 52
81 78
89 10
27 55
51 64
63 73
94 12
94 76
47 97
3 79
65 18
76 24
14 26
60 85
21 73
66 66
42 40
34 50
34 43
44 72
49 1
87 88
92 14
34 10
3 68
40 66
8 60
21 38
49 93
69 66
4 35
43 23
19 8
3 45
60 17
98 71
39 61
16 95
83 70
35 69
66 51
99 24
44 54
34 40
23 50
22 19
17 30
56 84
43 27
88 64
9 48
89 55
92 96
95 12
63 56
57 19
53 15
88 49
38 10
42 32
56 27
12 56
26 58
39 10
59 38
86 78
75 8
42 59
62 78
45 78
51 36
77 44
65 78
72 27
79 25
4 92
93 14
19 34
92 11
38 43
5 40
33 80
40 15
27 97
59 19
49 71
6 88
98 50
2 73
16 85
87 68
28 81
21 20
82 79
88 64
93 88
66 79
73 7
12 8
87 79
16 19
77 99
84 11
55 64
56 83
29 9
62 42
55 66
41 83
63 33
65 67
5 23
78 37
29 69
18 19
86 14
70 100
98 100
7 80
16 33
36 14
86 19
36 15
8 50
15 8
6 14
59 61
94 66
35 44
15 49
52 60
65 17
76 70
89 86
40 6
87 2
17 34
87 96
58 15
87 52
56 57
67 34
74 87
85 81
84 59
57 49
82 96
81 82
95 57
22 8
83 39
79 92
1 1
88 12
84 33
19 47
55 47
16 50
35 76
73 38
35 95
56 77
15 58
14 28
42 63
64 44
8 25
88 88
48 85
11 16
100 89
74 85
100 69
47 14
61 75
48 54
11 20
69 12
33 12
70 36
57 75
28 11
91 24
67 50
77 63
24 43
85 9
97 78
59 39
64 87
86 1
100 34
99 41
59 88
27 33
14 42
92 48
36 13
80 94
61 89
49 97
64 59
81 96
21 36
41 10
58 39
43 90
53 74
32 31
76 77
38 99
21 40
6 94
67 84
38 20
96 53
43 62
45 65
21 96
8 49
69 42
81 44
85 83
35 82
79 69
51 26
100 60
63 89
56 44
17 92
95 19
18 19
61 28
83 46
99 54
6 29
49 67
71 68
66 93
2 23
8 75
20 16
52 71
32 59
79 79
83 16
93 51
68 100
31 42
47 31
17 12
10 77
28 41
30 66
85 30
2 68
54 18
24 34
24 11
32 96
28 15
96 26
1 76
18 7
42 56
26 13
33 57
67 42
80 29
11 57
17 64
52 66
57 17
72 9
23 33
17 16
82 9
87 32
22 40
61 9
72 9
4 57
98 28
35 7
97 2
82 55
66 30
95 95
11 59
56 15
94 55
98 90
30 28
34 24
71 83
13 36
38 78
30 2
30 14
74 90
37 56
68 21
71 47
71 99
53 7
12 51
94 75
8 99
57 88
4 83
5 9
8 14
54 24
94 23
62 24
22 38
8 67
69 39
4 67
26 29
39 82
93 20
100 40
5 90
67 94
86 41
68 93
3 59
92 59
73 87
87 86
12 91
56 92
83 5
8 19
71 98
95 30
8 41
51 27
48 34
67 32
67 16
25 13
95 61
72 72
87 65
51 12
69 79
96 65
94 96
92 68
26 6
58 56
82 95
2 70
29 17
55 32
52 13
73 98
83 51
62 21
52 89
39 38
62 66
24 56
36 19
47 82
24 78
45 29
22 28
91 33
88 70
17 11
93 9
38 4
10 64
80 32
29 68
59 28
15 99
87 31
79 44
54 11
13 29
88 46
83 84
35 96
78 10
33 20
48 5
12 88
62 53
52 34
61 87
71 89
38 66
12 38
7 28
78 37
84 96
15 92
34 40
12 50
33 24
5 25
1 14
5 21
18 53
40 65
45 52
19 25
10 34
16 47
100 35
35 61
50 29
42 94
23 6
56 81
45 14
47 96
52 49
72 67
24 4
85 48
53 87
88 81
70 6
81 95
5 40
43 44
63 14
86 8
91 60
52 100
81 20
1 61
82 88
93 79
39 42
88 25
43 97
43 9
94 45
1 5
63 11
14 82
17 19
81 46
27 43
60 40
94 28
86 42
6 75
79 23
60 30
1 92
28 10
58 75
37 1
95 40
21 24
25 44
21 30
62 62
91 58
13 75
36 63
60 100
78 19
46 79
15 47
46 65
30 13
12 16
21 36
34 43
62 87
60 48
20 98
52 68
15 24
81 42
37 55
81 9
66 79
47 85
74 59
12 94
39 49
50 93
84 84
70 9
27 69
83 22
92 84
32 44
7 28
89 14
17 54
75 27
72 27
77 3
54 73
34 28
12 11
65 14
89 74
96 96
63 96
75 62
99 73
84 40
49 60
28 8
26 80
4 15
46 48
24 57
81 33
6 96
19 58
97 34
94 48
26 1
85 32
95 20
100 79
14 40
30 40
88 58
93 77
91 27
49 13
93 4
5 51
88 87
84 39
42 74
88 66
48 61
9 29
91 53
96 4
74 17
39 45
22 65
83 29
28 99
86 12
14 74
89 25
16 95
78 8
70 89
89 84
31 16
37 32
88 99
16 83
29 34
3 57
32 11
42 65
2 87
92 37
32 32
1 6
32 52
11 12
76 77
50 19
41 53
38 73
7 1
15 27
87 26
58 6
55 37
98 81
11 33
96 8
55 74
71 45
61 2
69 64
22 49
56 44
10 85
17 14
57 82
69 16
45 39
89 96
30 18
90 95
27 80
96 79
53 93
5 38
94 4
35 72
68 14
37 23
57 34
15 49
23 25
99 26
43 90
32 4
59 60
11 38
29 36
84 27
14 91
31 48
61 80
21 16
80 34
36 86
98 89
9 45
22 34
48 42
98 38
39 72
86 72
14 61
36 25
41 31
100 70
76 86
16 80
66 63
60 87
31 68
34 4
1 37
50 65
72 21
32 21
67 33
29 17
89 18
30 89
29 25
85 57
41 17
64 8
57 65
78 29
72 39
62 22
33 22
17 66
60 77
31 68
8 83
83 31
62 83
20 29
6 88
55 27
16 83
96 61
22 38
91 56
37 25
24 15
79 23
33 9
38 49
10 29
34 47
18 19
93 57
32 76
29 19
88 28
14 22
51 94
60 58
81 58
45 21
36 32
50 30
69 49
36 15
97 80
52 89
41 92
37 97
91 88
12 31
78 32
85 3
7 45
41 29
27 79
67 91
92 97
60 95
10 44
10 95
78 25
5 70
82 65
30 87
44 45
55 87
2 8
34 54
11 60
96 77
25 86
90 61
91 78
95 37
63 53
68 58
5 81
12 39
33 82
41 53
77 35
19 21
84 44
91 89
56 100
8 78
64 11
44 38
89 79
73 96
39 34
78 87
99 90
14 82
83 78
35 43
34 62
50 62
23 58
99 49
23 63
39 85
2 62
5 85
40 43
8 53
77 17
65 64
68 7
32 94
42 38
33 39
54 38
98 70
48 66
33 16
4 25
81 40
43 9
77 38
4 46
60 95
82 76
13 94
49 27
26 3
12 61
26 55
74 60
24 27
29 15
66 15
12 34
82 2
96 61
29 50
99 16
50 4
97 65
100 43
92 20
71 74
52 97
13 52
45 88
2 94
42 11
21 58
36 10
8 5
63 10
57 34
8 62
60 61
59 32
1 72
79 64
12 82
73 24
34 27
24 11
79 57
67 91
35 19
13 89
63 37
56 57
22 57
37 22
45 68
86 61
25 36
34 6
16 85
38 93
58 69
49 52
68 6
84 28
55 40
83 42
10 78
74 33
23 100
7 87
64 63
95 13
74 78
7 84
60 25
14 38
9 16
50 20
96 21
98 75
93 99
59 21
91 28
86 71
83 25
86 60
95 89
14 57
20 58
88 41
97 95
60 32
57 15
16 97
81 34
100 43
54 43
35 44
33 3
43 6
63 69
49 76
95 40
29 49
88 12
65 68
73 50
100 17
45 13
13 51
99 89
8 55
50 54
68 15
71 38
34 85
9 58
93 11
27 60
85 13
53 86
98 95
15 11
73 64
89 73
88 76
19 30
13 18
3 56
55 49
13 82
48 53
13 9
82 95
37 39
96 96
24 98
5 17
80 9
70 58
88 88
84 52
8 38
37 21
74 69
54 86
81 39
62 54
42 88
72 31
50 7
70 1
66 63
32 3
81 1
61 50
46 94
46 82
55 14
39 92
94 65
52 85
93 95
26 1
66 82
28 81
95 2
17 50
63 88
66 96
20 10
53 23
16 46
88 80
97 42
83 67
13 48
55 35
95 4
30 18
74 17
34 24
70 67
51 17
61 31
34 33
19 16
6 99
93 22
11 52
72 31
83 60
31 49
55 21
71 10
74 19
48 92
50 11
17 50
83 39
68 79
98 42
29 31
8 6
16 52
34 47
94 20
65 71
76 7
40 42
98 29
26 29
3 47
49 51
67 35
13 36
20 44
70 41
72 22
53 34
28 14
96 81
7 66
61 42
18 38
33 80
15 4
51 14
44 27
32 3
70 9
77 21
2 93
58 82
3 30
12 15
89 93
33 17
74 23
37 16
21 14
28 15
42 52
81 58
96 24
85 71
43 29
65 60
95 1
87 7
61 22
18 17
57 60
77 55
56 18
42 87
70 8
46 24
76 78
58 37
53 74
29 99
51 84
94 71
21 80
44 64
82 37
31 50
48 38
17 79
37 19
15 77
52 83
56 81
15 60
62 61
86 55
12 44
4 86
55 54
72 66
94 32
95 79
38 29
20 57
49 22
89 42
65 41
39 29
34 52
62 45
41 69
81 35
33 74
23 55
11 9
96 17
61 44
61 97
69 9
55 12
15 34
56 40
22 32
43 84
83 17
87 69
92 91
75 9
13 31
87 54
47 65
42 61
5 37
45 10
77 62
65 67
49 36
66 55
35 20
27 58
34 79
83 21
73 58
21 81
62 70
25 92
69 38
28 49
73 98
31 57
33 67
7 76
88 85
36 48
65 80
2 10
12 38
18 38
89 42
86 51
78 75
1 27
5 21
15 16
66 82
15 29
50 98
50 16
3 39
11 52
26 28
65 55
77 61
42 32
90 74
46 17
95 65
44 90
17 89
100 37
4 94
98 17
4 100
29 52
43 32
43 73
93 91
45 73
54 28
88 64
40 69
85 90
63 63
79 47
59 90
65 85
27 45
86 6
19 58
75 84
85 10
78 26
2 65
26 49
11 30
16 98
86 57
99 66
72 58
28 73
98 24
13 61
10 27
62 23
25 59
49 45
1 36
65 59
19 37
58 28
85 81
34 15
98 10
96 56
54 11
71 66
90 30
71 17
7 27
46 22
29 36
8 17
38 2
82 16
8 62
82 21
23 1
62 95
50 6
15 75
59 97
33 8
66 16
18 40
3 58
6 36
44 25
75 95
42 19
55 7
63 56
89 36
85 33
31 7
57 44
61 68
54 89
2 52
73 84
2 8
29 40
69 63
50 87
40 52
43 12
42 95
24 82
36 34
83 29
94 31
16 71
19 49
26 28
25 90
72 75
26 40
20 21
97 37
80 49
89 48
57 51
28 100
47 66
50 55
95 42
24 64
12 63
35 92
56 4
70 22
26 69
93 53
38 34
69 14
65 19
98 52
4 55
96 32
79 21
90 47
52 40
75 79
18 40
56 86
72 16
13 56
57 34
28 70
95 77
93 48
1 92
20 37
75 80
99 9
10 54
69 98
17 7
9 97
74 29
92 13
63 90
71 57
69 3
37 70
71 41
100 54
34 57
28 15
96 20
64 40
39 14
27 69
66 83
16 54
1 96
46 84
29 43
85 90
34 60
79 11
38 96
70 97
39 8
75 32
34 36
15 60
47 72
90 69
54 5
45 38
95 77
38 87
78 35
55 43
40 80
60 33
38 44
86 52
59 42
5 40
57 54
27 70
5 35
25 31
83 73
44 14
8 62
36 99
70 42
73 70
11 30
28 38
94 58
64 20
95 82
51 100
20 81
89 1
93 13
47 100
66 50
55 100
94 54
13 38
6 90
48 18
2 35
24 86
89 81
100 47
71 51
15 23
44 20
39 42
62 15
71 32
70 55
92 47
68 88
9 67
64 86
93 20
64 21
66 57
1 87
79 48
29 86
23 39
11 94
65 2
59 49
29 94
36 79
31 63
84 8
51 70
53 46
93 35
7 57
31 56
11 67
85 30
13 39
65 69
56 44
100 39
54 79
14 41
53 59
72 75
23 95
51 29
29 61
18 36
75 68
55 67
86 58
30 95
21 11
5 78
60 59
73 96
78 14
14 5
51 89
27 32
52 58
23 7
69 60
8 61
22 30
8 18
33 9
53 83
67 29
98 93
95 86
60 77
37 67
4 6
35 91
28 7
44 96
30 95
81 79
78 77
94 66
17 51
50 77
49 1
15 21
39 21
64 37
33 72
79 24
33 52
63 57
61 65
20 71
18 73
90 29
96 50
32 44
58 62
97 6
27 43
62 95
79 48
16 50
53 8
57 76
87 17
87 97
83 39
54 22
94 60
99 30
91 49
20 35
99 80
30 37
25 87
43 54
26 74
6 71
51 44
57 3
22 35
90 57
26 35
10 20
73 60
21 24
27 22
14 27
59 21
53 60
36 14
32 99
32 88
96 65
67 43
46 37
19 83
68 70
52 81
85 25
66 45
37 43
63 68
1 39
39 29
8 81
17 78
86 78
36 96
12 68
43 51
2 27
32 50
89 54
83 87
49 75
6 85
54 52
53 24
9 73
4 35
58 1
76 13
40 52
16 32
36 10
31 5
98 71
90 71
34 17
51 72
70 66
22 12
80 26
66 77
92 85
87 24
63 73
29 41
21 35
26 41
12 68
59 4
89 48
40 15
84 12
10 10
93 34
7 11
10 86
19 34
24 69
66 38
2 70
74 75
73 57
69 58
23 63
84 83
2 44
42 50
29 45
1 86
99 47
14 45
71 76
39 10
9 86
47 41
50 99
34 95
79 58
13 42
55 82
22 47
5 99
55 17
98 70
53 62
37 17
78 95
4 3
6 23
28 9
59 73
92 60
77 8
20 64
1 65
46 33
73 28
34 12
37 36
8 23
67 96
100 36
52 54
96 70
43 26
25 21
51 49
94 100
88 48
73 83
84 38
60 17
85 34
77 94
47 30
69 76
40 86
36 80
35 6
33 31
94 32
72 95
7 33
38 95
13 9
22 40
24 30
31 37
96 83
84 91
15 17
59 29
20 15
40 73
38 22
100 92
1 100
8 26
11 44
39 39
53 63
17 41
91 75
96 68
48 52
41 28
71 3
54 23
55 41
43 3
32 77
68 21
67 79
99 33
39 68
53 78
99 41
8 41
22 16
8 68
30 86
71 45
34 44
57 38
92 85
38 58
96 16
10 72
90 76
41 41
74 33
50 89
96 64
85 42
90 81
46 79
88 18
19 30
30 73
53 66
1 37
73 27
19 22
6 52
24 58
43 69
11 71
31 94
4 81
60 98
67 47
75 20
16 18
81 97
79 4
11 100
18 78
97 12
37 30
67 95
18 87
3 18
48 15
40 62
24 64
36 79
61 97
39 50
25 81
22 4
74 93
4 60
96 70
60 74
42 91
100 23
35 23
91 91
19 25
17 60
5 1
63 69
58 67
94 56
10 72
67 36
92 41
34 10
52 5
32 66
27 1
54 95
35 10
40 59
9 40
15 83
62 18
63 95
4 21
74 27
86 77
49 86
24 67
44 77
5 47
22 42
49 32
60 37
22 17
95 5
68 29
37 53
28 75
76 5
92 62
16 99
33 30
14 34
37 17
62 32
82 20
96 38
100 45
12 28
34 41
53 72
77 24
6 7
6 58
12 5
39 10
57 77
84 88
50 34
28 81
10 73
97 73
39 36
50 22
96 74
90 45
45 86
82 23
38 60
91 1
44 62
32 85
52 14
100 93
23 39
15 56
64 34
46 67
50 12
51 33
96 78
97 8
11 74
44 44
24 69
85 35
93 9
88 84
20 87
5 95
83 90
49 89
84 61
90 48
47 44
33 5
76 88
12 13
39 24
14 67
61 90
61 64
4 15
94 65
76 58
36 41
10 89
22 47
65 66
41 25
18 72
61 9
11 81
5 39
34 95
11 51
18 63
51 70
47 17
73 84
90 97
26 35
35 96
55 15
83 9
67 59
4 91
33 51
8 93
51 87
35 85
79 47
6 33
59 30
42 66
53 54
16 24
60 93
64 74
63 65
3 72
5 52
16 19
62 3
70 26
58 78
44 91
91 69
8 71
65 20
12 84
34 28
38 57
89 61
68 59
34 26
24 4
7 74
67 59
2 45
58 84
91 35
58 15
22 6
87 67
23 65
33 16
5 3
40 10
48 78
70 94
41 66
76 36
31 92
23 12
45 81
96 59
13 4
1 42
68 58
50 34
64 80
19 72
92 74
29 7
48 68
35 18
93 68
14 97
19 97
51 70
27 35
17 71
77 33
15 22
93 5
63 46
22 45
78 39
86 57
85 56
69 30
18 43
93 72
94 12
7 33
17 25
22 27
32 49
8 67
6 88
7 100
95 38
7 32
76 85
24 10
87 61
62 43
13 87
56 97
33 97
74 81
68 28
34 18
51 50
61 51
17 53
66 39
89 96
41 46
83 54
54 88
74 76
38 61
29 69
69 95
72 44
46 71
27 52
44 95
13 91
21 69
22 77
97 70
39 24
74 55
17 14
47 100
34 39
36 80
31 52
18 67
61 71
46 23
80 20
86 90
61 62
67 51
7 89
51 33
98 91
47 17
26 1
1 7
71 38
66 76
95 51
44 6
91 96
36 94
60 59
68 6
5 23
98 62
100 75
92 52
100 31
76 61
38 89
79 65
2 14
86 29
12 61
20 77
16 30
100 2
60 77
91 66
84 53
50 31
66 80
70 63
65 90
3 88
90 61
65 70
50 76
9 96
66 39
14 70
37 97
31 100
58 2
6 57
38 74
10 27
99 76
3 56
26 20
81 22
23 3
33 15
9 70
89 22
62 55
96 59
84 18
52 31
43 93
73 20
70 74
65 97
31 78
83 26
90 85
83 90
27 58
47 26
20 80
90 44
6 73
98 82
36 84
89 96
47 15
66 16
59 97
53 56
57 12
92 37
61 80
95 77
2 64
16 47
87 45
35 69
12 80
100 80
80 45
20 24
90 31
85 62
45 4
22 57
16 16
7 93
15 80
43 36
88 38
12 94
7 79
74 20
49 95
21 46
6 62
18 22
14 100
74 44
14 64
83 73
10 27
16 30
42 27
17 26
29 88
64 20
34 16
93 97
4 74
29 40
19 59
6 54
8 7
32 21
31 83
73 43
21 100
81 1
48 70
23 15
69 66
48 55
61 46
54 48
44 57
24 95
6 9
35 51
92 89
42 67
98 17
43 29
95 84
18 27
32 22
4 30
58 18
17 42
46 82
17 77
10 5
36 90
61 39
88 27
95 39
52 11
98 47
84 10
71 29
85 27
70 32
92 52
42 34
26 38
73 89
80 63
30 28
39 3
46 73
61 72
57 78
47 89
95 8
6 8
11 20
52 60
70 66
32 86
27 87
67 78
48 55
48 51
90 87
25 24
76 51
8 24
3 55
10 5
52 15
44 94
53 77
49 44
88 94
63 80
61 67
73 43
86 99
17 70
94 29
66 60
61 62
28 1
24 12
81 48
80 82
48 57
10 16
92 12
70 69
94 36
39 80
40 24
2 37
76 46
36 64
9 30
71 30
8 46
30 45
31 86
42 60
26 7
68 41
1 26
60 97
2 67
52 32
100 28
31 90
50 26
55 70
99 15
20 15
100 57
20 56
67 39
64 43
22 35
44 97
12 53
13 56
37 25
52 71
10 92
47 66
53 89
54 78
29 68
29 50
3 52
24 73
30 51
80 83
29 80
57 12
72 43
93 20
28 37
51 32
39 14
95 77
76 8
51 11
87 32
67 56
85 97
7 36
51 49
11 19
4 93
74 38
89 37
52 65
3 84
75 82
85 51
25 28
54 93
24 48
91 86
82 65
1 41
44 91
1 16
78 55
63 12
73 11
73 66
97 46
71 68
2 43
85 60
10 77
66 48
68 26
84 40
41 10
45 41
95 27
70 81
93 45
84 1
89 70
78 15
59 36
62 9
44 68
70 24
24 5
80 49
38 30
14 43
46 75
69 56
44 26
93 90
40 59
48 62
88 24
28 55
74 70
3 66
72 51
23 57
64 13
99 90
22 90
3 26
9 96
86 95
60 51
7 31
92 8
73 57
23 96
10 94
49 91
73 81
27 97
57 64
40 37
11 83
50 11
40 46
100 41
62 27
92 50
18 39
58 44
67 10
94 9
53 35
18 61
41 93
59 56
99 89
33 39
17 38
7 67
71 67
4 91
74 17
65 81
12 45
49 28
63 63
84 91
12 85
20 6
40 7
62 86
24 43
5 72
78 73
80 63
95 20
77 34
29 3
95 93
13 61
18 31
12 73
25 42
45 70
13 62
8 50
42 43
2 41
20 97
84 64
30 46
72 94
88 71
33 3
10 100
80 52
24 52
68 13
1 57
94 56
26 98
33 94
20 22
47 18
48 91
85 84
33 31
54 63
51 36
85 33
25 83
25 28
69 69
38 64
37 86
81 9
30 100
35 64
30 14
62 15
46 25
80 94
53 26
13 84
83 50
78 70
28 17
71 28
74 10
3 58
51 58
29 75
43 58
84 19
44 86
15 81
9 35
66 64
41 30
6 14
29 50
28 15
22 100
7 29
10 71
79 43
63 69
65 81
10 93
13 31
19 50
53 3
100 8
83 78
42 86
47 91
4 75
4 40
64 68
27 60
94 48
78 52
14 69
76 50
79 71
19 50
33 23
51 98
43 81
10 36
65 75
23 72
64 79
3 26
74 83
37 58
48 5
19 71
8 79
63 41
63 18
98 69
28 49
63 1
99 95
80 69
65 28
29 75
17 26
10 63
100 56
21 85
17 90
10 17
1 72
71 66
72 38
70 75
46 92
38 84
62 59
3 87
13 69
56 38
92 44
63 42
54 85
49 48
71 59
28 85
99 83
75 41
25 59
50 83
8 80
16 68
45 26
25 65
24 58
40 67
53 5
92 21
55 14
92 72
86 74
13 24
4 35
18 90
37 24
91 54
73 75
76 70
96 50
13 68
32 72
49 44
7 48
73 89
20 15
12 14
13 4
61 77
20 58
27 83
2 30
71 85
81 5
98 15
16 12
73 47
77 93
77 23
39 5
39 97
46 21
90 5
76 42
50 6
50 30
23 92
8 79
13 2
68 57
80 14
44 6
17 7
15 71
63 41
45 55
85 91
4 69
22 16
71 63
68 81
44 94
28 16
100 8
50 69
51 92
31 41
89 55
53 88
28 62
85 37
38 51
45 36
86 7
17 98
1 38
50 5
19 7
96 54
93 98
55 52
13 99
100 35
8 90
92 64
35 13
100 25
6 56
77 51
8 44
71 17
89 74
99 73
83 9
39 29
8 85
14 34
7 55
47 83
52 65
57 59
56 39
97 98
25 93
14 53
79 8
53 29
32 83
97 23
72 83
34 85
75 18
39 83
95 68
28 46
1 99
70 96
92 14
8 92
30 87
70 92
48 89
57 94
50 56
52 89
85 76
22 35
39 43
87 83
7 51
48 65
7 9
73 10
84 11
39 5
49 45
65 32
14 33
95 71
66 41
20 36
34 7
49 100
98 84
14 59
98 64
3 90
84 95
48 40
81 51
65 30
65 52
73 83
3 40
24 7
67 80
19 74
28 72
67 16
40 58
73 83
1 29
44 23
48 89
13 37
89 50
85 77
37 68
33 17
51 94
66 65
51 81
10 95
89 59
55 32
37 74
27 5
76 46
25 31
10 36
10 6
83 79
6 14
38 61
41 94
1 90
37 22
44 36
22 65
4 35
82 4
66 23
51 87
47 79
53 50
77 80
12 1
56 67
97 20
66 31
65 57
68 19
57 30
78 67
87 74
3 56
52 5
73 30
20 98
26 83
96 16
47 40
98 27
57 83
34 84
90 76
42 82
70 80
58 80
1 2
29 33
71 76
16 90
65 63
66 42
95 39
91 35
66 16
34 73
86 28
41 46
24 30
13 87
64 49
75 66
6 51
34 59
37 54
29 59
10 38
66 86
48 29
35 74
98 85
48 54
70 5
4 64
78 59
55 54
11 15
79 82
84 19
3 25
38 24
5 41
49 49
43 51
15 35
93 74
99 31
33 99
50 45
96 34
85 11
37 18
63 30
44 75
30 99
68 69
63 78
89 44
18 47
4 71
97 62
25 4
67 59
56 26
21 79
8 11
27 70
31 67
20 52
6 87
77 28
65 92
12 13
22 46
89 47
38 22
62 38
62 14
90 87
57 29
67 64
81 94
28 16
55 55
72 18
66 32
24 18
62 40
51 3
31 46
41 21
41 15
86 22
67 25
92 11
85 6
78 50
39 25
86 94
85 83
76 8
21 83
46 25
35 76
80 83
39 71
9 25
94 17
80 68
13 88
40 36
99 29
84 4
83 100
52 53
67 29
38 50
74 22
12 40
38 28
78 46
77 20
63 41
49 98
4 62
1 45
19 52
86 39
20 46
7 55
74 17
66 7
16 40
12 5
79 98
33 86
68 7
62 98
34 12
46 25
25 60
74 55
5 35
71 48
51 72
86 22
76 78
77 13
71 62
79 4
51 24
12 37
33 61
80 45
64 22
27 30
86 55
21 19
14 78
10 4
15 56
5 43
8 91
2 85
42 82
33 90
61 16
9 78
82 89
29 23
71 89
100 4
21 89
61 100
47 11
9 15
19 49
34 17
3 54
50 96
64 5
100 20
80 37
50 42
70 99
21 74
30 76
73 51
94 97
22 67
91 8
40 99
73 27
15 3
65 14
1 3
99 34
36 93
91 47
6 18
96 23
47 3
79 33
67 38
26 51
50 73
37 62
36 92
88 19
32 87
61 53
55 23
83 92
8 43
42 83
79 93
9 64
43 12
94 10
75 28
20 68
62 15
54 79
94 19
42 99
71 15
5 71
43 98
23 83
76 68
71 50
41 71
76 13
21 100
73 1
41 72
58 98
66 20
94 1
6 89
97 44
88 85
41 89
50 14
42 23
73 68
1 6
6 44
21 9
13 61
37 22
51 96
9 74
15 1
26 56
80 8
88 1
76 42
53 7
10 44
11 14
22 18
99 47
59 26
6 72
34 7
23 82
25 32
4 61
47 28
22 15
5 24
15 89
95 86
11 75
29 84
73 72
97 75
40 97
68 45
100 1
41 44
32 53
17 12
77 8
20 38
52 71
100 83
13 18
80 51
96 81
44 2
15 30
53 37
46 4
84 50
66 34
47 65
64 98
98 98
16 30
9 68
59 99
19 23
3 72
95 2
35 26
47 3
7 93
68 99
31 11
56 84
75 7
98 43
55 98
52 99
20 71
20 32
71 32
66 89
24 23
25 78
40 27
56 92
44 89
6 70
54 41
11 7
97 96
20 2
100 65
90 94
38 66
80 75
58 57
10 33
77 22
42 31
58 30
47 38
77 93
6 46
87 8
3 28
55 80
97 66
79 52
82 95
82 3
59 14
80 91
28 36
65 23
39 2
98 58
2 26
66 10
54 19
18 60
22 59
50 4
75 50
18 71
5 57
40 30
60 81
2 33
48 55
17 51
38 92
37 95
28 82
49 10
68 31
9 39
5 82
81 74
11 9
79 8
84 88
27 53
67 27
29 32
59 95
80 13
58 59
95 55
54 69
83 69
33 23
13 68
11 63
35 31
54 64
26 83
17 57
74 95
64 16
76 34
8 85
63 34
1 57
74 69
35 41
12 70
23 97
37 29
53 5
35 45
49 5
60 82
100 98
82 46
58 6
21 97
90 32
15 57
90 33
35 18
54 55
42 47
97 77
74 73
79 50
10 12
40 69
62 8
97 50
23 82
62 45
65 41
1 93
15 7
26 35
33 90
99 76
8 53
44 13
32 4
36 69
72 74
95 13
42 64
99 54
15 42
91 44
58 55
77 50
97 32
8 11
6 43
36 27
20 58
89 81
9 49
3 96
36 61
68 70
33 71
55 88
74 40
90 54
73 73
33 84
77 4
65 46
18 6
48 91
30 82
51 66
85 25
82 16
98 48
34 73
67 54
30 25
6 55
1 66
50 63
22 32
64 16
30 28
31 9
4 3
6 15
87 69
21 59
16 12
46 86
94 6
77 69
93 34
92 2
44 57
87 28
9 29
33 50
6 36
51 20
89 83
81 47
70 23
97 56
38 83
76 30
83 83
10 86
12 52
34 43
7 33
77 100
79 74
50 82
54 16
18 1
52 40
45 37
9 90
21 27
67 28
93 72
78 94
71 76
87 100
62 66
71 98
98 58
98 31
72 86
40 77
14 40
93 48
3 86
76 88
38 37
91 83
99 14
11 11
5 72
49 62
9 55
8 48
40 97
56 3
6 55
35 20
42 29
9 19
44 61
51 42
100 99
55 7
18 22
70 69
61 96
94 100
20 82
21 2
11 51
24 24
88 32
18 59
9 17
18 25
84 63
99 17
63 3
6 33
18 56
95 59
16 37
8 4
3 5
1 9
11 96
10 70
10 43
10 56
75 2
7 90
46 92
53 54
5 56
48 50
73 79
40 38
40 20
10 62
34 45
4 73
13 33
65 56
1 22
96 27
9 79
7 66
70 62
32 89
98 18
16 37
75 21
38 10
34 53
32 55
38 91
57 75
42 25
21 63
68 88
34 28
97 22
14 58
73 40
25 68
35 3
90 88
61 25
11 44
11 88
32 66
5 41
64 91
89 100
23 95
99 24
55 42
93 44
52 51
60 6
4 80
24 13
79 35
75 86
100 93
70 8
80 3
85 70
29 73
8 87
22 73
53 82
84 63
84 43
11 8
29 19
13 60
96 59
12 99
64 90
99 79
60 95
81 15
38 50
70 5
56 66
60 56
9 26
53 53
36 86
72 47
14 41
38 41
20 15
3 47
50 87
59 28
1 11
52 93
5 59
70 82
58 59
53 98
95 8
28 73
58 45
85 86
21 81
19 60
79 8
2 96
57 45
62 10
52 75
20 1
85 66
91 75
73 8
31 16
7 60
5 59
45 89
89 50
65 16
49 18
21 61
37 63
52 88
53 1
98 37
46 34
40 49
55 99
23 13
58 73
7 70
87 47
85 21
80 95
76 8
18 60
59 66
45 60
20 37
6 30
32 77
13 64
84 47
65 23
26 24
88 78
58 55
52 74
18 24
73 41
13 52
1 1
52 21
75 3
86 51
43 19
31 65
65 6
31 66
19 66
4 95
49 54
38 50
42 49
68 39
82 78
43 87
66 88
43 39
87 36
44 43
54 36
37 15
69 69
5 48
55 86
44 80
91 83
55 40
15 72
48 23
57 84
63 5
11 37
21 30
45 11
69 36
96 86
11 11
45 42
49 57
77 68
20 26
13 63
2 22
93 69
50 56
50 1
7 29
40 2
62 28
15 13
38 1
93 84
83 18
92 52
85 21
79 9
91 82
95 4
94 76
64 37
90 93
28 54
20 89
51 62
36 63
28 57
63 17
38 1
16 78
60 53
40 66
64 88
26 16
53 11
32 82
5 60
44 66
29 33
76 88
11 82
12 25
11 19
7 96
72 96
27 7
67 51
89 96
11 91
55 3
5 24
93 90
57 10
63 1
7 13
33 49
72 77
55 89
44 59
60 7
41 11
34 70
19 45
28 22
70 100
44 94
63 19
27 59
20 69
84 25
80 31
65 10
1 39
12 99
67 82
12 62
93 56
37 61
28 65
1 48
87 33
57 43
58 55
90 35
87 55
29 99
97 50
11 8
28 29
23 84
74 20
7 79
67 28
6 75
24 60
93 2
25 92
54 47
27 59
83 10
37 86
53 4
56 93
37 86
84 35
21 10
6 51
14 37
19 61
76 79
45 48
4 78
53 47
5 96
98 36
68 32
71 63
66 39
71 19
69 44
57 8
89 31
32 48
12 8
99 61
20 26
45 23
67 100
36 46
44 98
9 24
13 77
27 46
34 80
25 6
65 34
100 41
1 15
69 60
17 40
96 93
47 58
44 9
37 61
54 96
83 15
53 94
86 15
32 91
70 3
34 80
44 40
17 98
51 73
82 2
83 4
30 93
26 23
80 82
45 87
20 81
27 60
12 57
94 58
93 12
96 55
12 30
16 18
83 13
41 76
94 57
87 5
79 10
93 13
16 85
4 23
35 58
42 1
19 43
33 15
79 51
45 9
40 43
10 70
58 46
5 29
48 51
24 91
9 76
75 16
87 31
94 26
23 1
85 63
48 2
78 51
25 94
19 24
26 11
71 3
78 35
12 85
35 85
45 19
33 2
19 92
21 47
51 54
81 52
51 24
91 1
42 6
48 31
88 30
28 4
39 99
21 46
29 25
82 71
12 13
40 34
52 21
21 4
22 15
33 71
41 72
45 92
52 22
35 63
58 96
12 1
78 36
61 86
42 16
24 31
41 31
26 76
71 82
58 47
26 67
38 95
18 38
69 75
3 49
30 24
30 11
32 32
69 88
73 64
21 77
25 5
50 66
76 1
68 20
95 7
70 50
59 15
31 62
44 26
26 8
35 100
88 40
18 61
76 52
27 85
64 93
73 36
88 64
51 51
9 89
81 67
98 78
38 73
57 24
29 83
81 75
2 88
14 60
53 83
4 67
52 83
22 94
20 60
31 82
81 54
53 32
33 77
56 22
27 50
57 63
15 96
93 77
56 60
85 40
52 43
93 62
19 95
35 38
45 96
79 73
67 46
96 15
13 48
25 35
96 16
6 50
67 78
5 94
83 71
27 71
92 42
63 10
74 2
68 70
16 76
74 35
59 16
6 5
40 83
92 45
20 87
32 57
89 38
90 49
83 27
21 100
64 94
27 87
73 40
51 96
54 42
68 82
60 39
1 46
50 31
27 34
82 83
74 79
7 40
99 88
48 7
34 42
6 76
57 81
38 5
28 50
36 83
10 82
83 51
57 77
82 5
65 73
54 69
15 62
41 98
66 28
51 70
50 67
40 27
49 41
29 96
18 43
31 28
27 51
84 77
94 22
78 42
54 3
83 58
99 29
18 66
78 28
62 94
52 1
53 57
92 100
76 2
81 54
46 69
57 10
39 14
79 26
42 54
1 40
71 95
62 39
55 71
54 22
92 9
61 49
45 2
93 64
78 89
21 94
2 18
43 90
58 95
41 9
85 34
30 11
76 13
82 70
14 16
66 79
70 89
65 77
78 6
50 34
7 12
30 87
98 1
59 44
15 15
57 60
12 99
41 75
22 10
99 70
35 40
21 9
92 92
20 67
49 23
13 23
100 49
13 3
33 99
69 22
53 65
30 84
48 87
27 65
86 84
6 6
14 94
32 98
53 72
5 4
24 83
33 9
18 25
3 4
37 38
89 85
72 26
10 12
74 22
72 65
73 18
72 56
46 53
8 16
78 89
55 89
70 48
98 23
82 92
96 8
98 100
64 85
71 99
90 55
61 31
18 84
5 32
60 18
48 59
60 34
99 38
56 6
17 1
1 40
100 9
47 63
84 53
33 25
11 95
72 69
40 35
88 60
92 82
18 42
69 78
50 78
33 31
64 40
24 92
47 82
94 82
48 80
11 60
46 68
77 52
8 98
79 67
5 84
80 78
6 5
63 75
28 72
44 10
28 71
22 83
36 15
26 44
47 38
70 68
54 27
73 20
10 99
74 76
58 61
77 82
39 48
19 7
17 9
28 27
59 24
10 37
20 33
22 29
96 34
50 90
2 53
99 80
98 14
18 35
50 32
46 90
24 32
57 92
23 95
48 71
99 17
20 42
10 70
74 68
23 4
20 75
59 58
43 43
6 99
70 68
58 2
21 35
66 92
92 38
7 99
35 20
41 57
53 56
74 85
32 8
60 12
85 71
89 27
96 2
90 25
14 60
11 48
62 42
94 74
19 62
98 57
87 26
21 18
78 39
20 75
24 20
7 48
18 86
92 48
9 29
73 65
23 77
66 44
35 75
12 59
66 29
22 75
88 51
40 42
55 43
54 27
46 1
78 81
35 48
100 88
84 14
9 57
57 49
72 49
93 75
64 98
15 69
22 27
24 14
95 47
63 95
18 89
8 63
34 62
97 12
21 57
39 32
44 28
32 82
47 74
41 92
86 53
58 97
44 37
4 34
41 2
36 95
71 62
69 14
70 63
46 5
56 71
69 58
77 39
92 47
59 70
69 57
32 21
100 55
30 48
99 55
93 21
32 96
50 42
80 64
18 92
91 51
21 76
92 94
64 98
44 60
44 4
6 1
56 65
75 81
60 33
99 42
11 15
85 10
21 69
93 14
43 9
84 50
63 60
45 42
26 45
41 82
67 15
94 11
43 22
65 17
24 44
88 21
80 13
6 26
69 68
64 2
52 25
13 95
73 19
57 75
28 39
37 64
47 70
20 87
52 22
90 68
90 90
65 86
47 84
50 80
88 50
43 47
77 3
39 85
20 24
67 29
32 55
84 20
57 38
46 52
1 84
82 16
61 63
87 66
52 2
30 40
83 39
15 50
41 84
53 94
97 66
29 88
43 19
65 30
73 86
78 81
5 25
65 86
55 75
91 84
41 49
85 3
57 51
85 68
96 31
63 45
34 94
75 55
57 87
57 91
23 97
58 80
69 94
97 92
89 68
50 5
46 82
81 47
38 54
72 83
47 64
77 95
64 69
54 84
67 73
82 62
47 75
65 98
57 68
34 29
60 50
86 26
46 78
44 94
49 42
67 59
72 88
80 38
19 31
3 93
40 30
24 97
41 50
55 61
18 58
52 80
59 67
30 89
63 4
19 22
4 94
47 3
53 16
17 10
22 48
69 28
83 12
87 69
67 54
94 71
2 30
95 83
14 89
39 56
62 38
6 61
59 37
61 52
61 7
99 15
5 96
13 10
62 60
44 66
19 84
23 30
6 23
46 27
9 25
49 90
62 50
62 85
82 2
78 20
73 79
56 25
64 15
77 91
9 18
71 36
13 39
31 49
89 20
31 5
58 9
20 96
42 96
74 95
66 94
95 12
57 88
33 12
52 21
60 22
33 30
26 95
71 90
29 97
90 14
88 55
87 98
98 44
16 39
76 30
28 16
33 33
4 86
26 44
74 34
15 2
15 99
4 63
42 40
97 87
16 66
2 98
2 89
99 100
2 60
28 74
75 5
90 25
58 92
68 18
38 95
76 88
24 70
24 48
32 33
9 86
18 95
81 42
27 4
31 35
79 39
66 12
22 76
70 75
23 63
38 86
14 30
80 85
48 99
32 9
25 24
91 61
18 34
40 9
86 80
27 20
27 29
58 16
55 80
58 74
2 70
50 7
71 90
16 57
76 37
24 53
66 23
96 79
35 35
87 45
7 26
69 86
90 5
17 71
17 30
72 25
39 90
8 66
16 95
54 64
13 60
28 43
79 69
75 18
32 68
45 97
73 82
87 97
87 51
83 56
72 87
96 87
14 15
83 80
44 35
93 100
57 44
67 35
4 18
92 7
16 3
44 87
87 74
63 51
84 76
34 84
35 3
89 55
3 92
27 26
35 41
54 93
61 4
92 49
51 25
48 96
96 43
40 9
77 91
19 65
5 57
26 67
90 40
76 77
92 70
36 49
64 75
67 66
1 63
100 33
37 8
33 43
74 8
11 79
57 37
2 15
80 9
7 80
84 14
72 50
21 50
25 44
99 5
16 98
55 13
65 36
100 60
92 45
11 70
93 5
7 57
40 91
88 19
99 82
72 25
49 95
57 49
85 9
25 55
77 67
16 41
65 57
67 83
53 69
81 87
10 49
87 12
73 5
68 19
41 99
17 17
51 26
42 29
25 69
35 70
75 38
64 33
40 92
57 9
14 32
14 67
16 100
19 19
79 79
14 31
47 80
56 83
97 62
34 25
8 57
68 73
99 93
29 70
31 32
100 52
24 13
13 8
83 6
74 31
53 42
51 7
7 100
11 66
19 39
49 18
77 6
91 16
13 52
3 52
11 96
6 42
64 3
23 6
88 37
59 48
10 52
7 35
39 39
96 7
96 42
46 89
50 33
4 73
36 86
51 4
78 18
59 28
60 93
42 40
73 57
15 96
41 71
90 46
30 54
3 98
46 64
79 45
12 11
24 87
59 11
22 45
50 95
84 1
65 64
67 88
99 100
27 7
69 76
59 57
31 86
31 55
73 58
80 25
29 8
71 51
47 16
14 34
49 37
58 42
36 70
40 65
8 73
90 79
63 27
2 13
6 92
24 65
74 19
66 92
13 83
45 41
24 37
82 10
52 44
90 87
29 88
87 80
43 48
54 77
99 100
45 6
42 46
33 13
53 39
68 27
59 14
98 31
98 85
88 70
56 51
90 75
42 15
94 88
55 37
76 63
87 33
14 22
40 100
16 53
61 35
12 52
72 44
58 85
63 85
37 78
59 5
82 16
31 65
78 5
46 87
23 73
57 20
14 3
87 85
79 10
8 67
27 71
25 25
44 87
71 3
39 87
61 90
59 100
19 31
25 76
21 5
55 92
24 47
79 45
31 3
56 29
91 76
77 33
14 96
4 68
66 41
26 100
71 55
92 8
58 42
45 47
13 96
28 52
73 60
37 36
47 30
2 27
26 15
42 56
31 29
28 67
96 48
35 27
90 47
56 63
53 57
18 1
21 5
29 61
67 8
70 36
55 31
18 1
3 50
57 40
98 48
14 40
16 22
55 51
30 72
33 24
81 84
19 67
14 39
21 17
38 54
15 50
97 78
51 75
83 21
80 15
35 15
44 51
57 53
100 15
4 69
58 13
100 11
76 49
17 37
55 63
42 7
93 96
67 90
35 70
32 40
37 20
28 47
7 97
36 55
87 58
49 75
26 67
70 70
86 15
61 7
40 29
2 71
60 68
37 27
59 93
69 74
98 86
21 33
37 3
11 62
64 60
24 90
48 57
92 26
2 35
89 40
38 51
75 13
65 9
83 97
83 8
64 51
100 90
31 46
53 29
63 59
14 42
13 15
3 56
8 37
100 73
6 9
14 100
16 39
61 94
72 72
80 95
37 69
25 86
83 25
69 8
84 74
70 89
97 53
67 19
73 57
50 42
49 57
68 87
92 83
30 26
68 32
88 11
41 23
2 84
36 47
44 36
68 28
7 67
51 65
10 17
88 89
15 84
5 12
64 10
18 49
41 45
50 7
56 86
100 95
37 44
68 25
19 70
53 54
52 68
38 89
46 66
75 79
71 88
93 6
8 73
90 57
99 99
3 92
49 50
24 4
86 15
45 54
23 2
2 23
1 6
50 9
31 61
38 22
95 47
75 11
70 45
5 77
66 59
6 16
65 37
73 55
35 34
93 73
45 70
7 6
75 25
33 66
76 90
94 34
90 9
20 60
45 58
39 82
95 68
28 14
41 98
100 47
57 49
88 85
92 65
14 98
69 27
70 81
2 68
43 37
52 3
48 64
64 9
30 58
4 31
34 45
27 68
38 77
14 70
17 66
17 70
38 90
45 98
44 67
61 91
60 47
32 96
39 18
57 59
87 13
54 38
45 99
17 90
8 39
41 19
53 5
72 70
2 98
78 78
63 47
89 59
96 97
71 60
36 56
58 95
91 27
27 25
59 40
85 53
82 77
87 51
12 81
76 67
45 48
5 60
6 72
37 90
2 99
25 4
47 32
83 99
81 12
27 5
34 22
11 5
3 51
2 29
99 24
26 66
93 10
84 53
97 9
76 3
56 23
65 43
84 24
6 62
44 29
15 51
27 47
64 3
79 60
65 71
61 65
81 54
64 5
75 85
43 92
34 97
18 86
96 42
1 44
44 8
37 58
48 34
3 19
100 58
67 26
12 96
92 24
98 42
10 20
42 35
74 3
84 34
54 18
31 67
69 58
79 37
59 31
34 82
11 25
61 75
36 99
14 60
8 68
53 78
22 54
91 51
48 5
29 84
83 26
72 23
66 11
16 90
3 84
22 25
33 81
7 27
71 32
27 33
90 49
11 93
3 85
55 14
90 61
81 74
96 12
49 76
49 42
61 97
62 25
38 33
56 33
62 5
67 1
99 27
79 67
94 50
46 33
84 61
56 33
40 83
89 12
50 25
88 62
40 69
12 77
26 31
26 10
23 62
18 41
63 69
92 47
4 94
23 73
10 37
71 52
38 60
82 86
50 56
10 25
19 73
57 95
97 35
25 24
60 69
36 10
85 92
88 47
51 82
53 43
8 98
82 11
53 66
6 49
50 47
67 92
5 78
59 64
12 65
34 80
42 13
36 67
31 77
21 32
16 91
8 49
74 48
41 7
42 16
100 14
18 9
82 50
50 46
26 6
62 74
83 96
80 11
65 45
100 64
46 21
32 58
9 56
81 9
67 12
17 10
69 17
55 77
21 21
24 25
54 57
77 86
43 90
89 42
99 43
8 92
36 71
85 43
82 29
50 80
38 51
55 2
85 64
37 82
44 49
60 15
42 50
30 68
68 30
77 84
1 93
34 26
94 65
17 8
56 73
60 21
76 22
62 89
82 10
97 61
97 71
39 35
99 8
36 46
71 58
73 35
7 32
88 72
98 85
21 30
58 79
40 62
21 90
6 67
96 45
4 77
97 74
87 14
7 39
25 68
84 22
2 17
2 37
60 75
20 35
39 67
68 27
7 43
26 4
42 9
13 67
14 68
34 44
65 55
66 34
93 79
99 60
95 41
42 27
42 64
62 47
13 68
22 91
71 71
45 89
56 32
99 13
6 73
23 2
51 23
74 55
65 77
39 21
13 9
67 19
19 47
78 55
42 83
58 41
60 69
95 90
8 47
8 68
93 20
2 81
12 46
25 74
6 71
59 56
78 43
30 73
18 8
69 36
74 95
99 43
15 68
99 95
39 51
21 33
85 53
31 25
11 89
79 6
96 25
51 56
11 68
61 21
94 82
5 68
40 91
56 10
47 29
54 2
9 9
81 37
38 96
30 14
40 86
86 38
64 87
44 76
80 34
89 22
67 31
87 68
84 87
70 74
9 16
14 83
83 59
87 53
13 57
40 70
15 27
21 70
88 33
88 91
37 28
14 98
25 56
63 80
87 23
61 82
15 31
66 82
97 82
39 4
39 53
34 4
90 12
25 36
46 30
31 72
10 56
70 2
60 80
99 15
36 24
73 66
77 75
40 39
5 82
87 60
63 90
19 7
98 72
95 6
7 33
55 99
8 20
58 82
48 17
3 57
33 46
85 81
32 81
31 93
38 13
20 1
1 27
73 10
76 79
100 59
95 45
16 21
13 31
78 30
34 20
10 69
50 36
71 3
5 2
73 95
63 75
63 74
17 36
19 21
43 64
90 24
1 35
92 22
11 81
63 33
50 64
97 60
4 83
70 48
47 86
79 51
19 38
28 44
21 90
59 35
24 98
28 7
35 100
11 35
55 15
51 64
48 22
26 55
51 98
50 46
43 92
58 3
14 12
19 10
92 87
29 20
19 98
5 58
17 24
43 32
38 68
18 71
39 62
79 97
71 83
72 24
14 18
69 85
54 68
24 32
43 59
95 61
85 73
42 63
78 66
25 62
43 76
30 77
68 1
90 32
12 55
24 98
44 70
3 78
56 85
46 37
18 85
56 55
29 29
12 25
69 92
43 42
47 92
29 22
35 76
36 42
61 25
86 16
37 57
49 21
83 32
2 94
67 56
92 99
17 87
7 44
72 96
43 40
51 10
98 23
8 38
53 36
96 67
1 61
46 46
68 81
75 75
19 62
5 21
48 79
84 87
51 38
39 1
92 91
11 97
48 42
16 65
90 57
51 96
39 8
27 57
28 96
24 63
48 76
6 24
20 10
36 29
72 88
70 35
59 59
44 52
49 2
35 85
85 40
82 5
36 96
30 23
45 20
39 34
89 39
14 62
3 11
99 81
31 46
58 6
33 58
23 47
91 48
82 29
4 69
98 65
61 40
65 70
34 43
20 19
90 29
45 7
86 2
80 92
78 64
86 27
68 47
81 55
91 56
85 98
12 25
84 36
35 13
36 65
4 97
65 67
1 65
32 17
97 44
50 100
79 91
24 81
85 56
4 72
38 55
20 44
42 96
39 93
58 77
5 45
44 55
58 75
17 28
66 12
84 32
11 71
15 64
1 94
2 94
77 19
30 75
54 34
49 63
26 14
70 65
40 27
9 42
48 97
5 90
98 77
24 62
71 85
67 92
39 89
77 3
70 27
5 67
16 44
5 75
100 48
70 90
25 9
87 31
72 77
53 60
49 1
67 94
15 73
34 38
50 67
71 88
88 50
13 6
76 35
73 32
77 85
32 74
48 18
33 83
21 97
37 31
25 82
95 9
23 76
61 75
90 67
19 57
6 33
53 50
95 86
49 51
54 76
20 54
41 46
37 94
73 63
38 18
48 63
82 82
54 86
8 65
64 19
90 11
56 59
96 50
21 68
9 63
76 57
87 64
26 93
84 25
35 10
23 88
11 84
21 79
13 30
19 73
31 85
22 85
48 8
25 3
60 72
83 69
61 76
5 14
82 3
38 4
72 7
50 3
35 67
15 47
62 60
67 96
86 100
50 11
17 53
28 47
33 31
80 94
54 85
27 71
56 18
52 77
88 84
76 22
53 14
29 27
12 13
86 92
6 43
83 55
36 69
74 73
40 100
92 21
92 54
27 72
72 99
21 72
53 22
10 53
95 86
75 96
49 25
42 16
5 80
78 26
57 28
8 94
1 21
82 55
75 51
90 11
76 23
69 37
93 12
37 7
93 82
99 67
67 5
74 97
73 12
91 22
15 1
56 100
96 28
37 66
3 73
34 6
95 70
1 69
62 27
100 15
82 19
84 22
87 34
99 64
50 37
46 99
14 84
7 85
61 44
15 73
55 50
10 67
28 9
95 4
92 42
89 1
89 37
33 57
91 99
44 42
40 22
98 43
34 18
55 25
88 22
62 15
7 87
49 43
15 1
2 42
7 6
6 18
8 69
94 50
40 7
31 87
12 51
11 62
100 98
99 28
15 78
62 69
83 83
79 41
2 52
50 97
96 98
33 35
56 54
69 71
82 41
78 78
33 6
85 40
23 3
31 60
53 12
85 54
95 48
39 78
79 19
11 9
98 9
40 87
41 70
35 78
57 14
6 53
56 79
25 96
39 90
64 100
16 58
86 23
100 47
62 41
88 62
93 29
29 68
94 64
60 18
77 95
62 22
78 5
12 94
17 19
92 18
72 45
91 95
44 50
91 77
85 67
31 17
83 75
37 83
61 14
13 30
97 82
73 46
58 46
67 83
95 53
99 88
79 54
97 70
91 28
85 93
61 94
45 10
42 88
19 71
10 37
76 51
72 29
55 19
71 11
2 12
5 82
18 72
66 17
65 10
27 64
59 99
12 17
8 92
40 29
10 66
27 41
17 81
30 50
82 8
80 45
33 22
25 2
99 13
4 68
79 9
27 35
47 70
43 16
47 14
93 77
13 43
22 55
94 38
32 67
28 32
16 33
74 44
77 29
62 9
61 16
97 95
41 7
68 12
20 89
42 96
12 76
46 37
32 66
43 68
63 19
65 40
73 26
100 24
48 74
83 48
52 82
87 78
17 8
63 67
71 44
8 24
12 50
32 42
35 60
31 11
93 48
30 42
62 42
46 86
99 72
59 17
81 68
60 9
71 37
65 58
85 53
39 40
84 87
72 93
83 52
75 44
71 16
14 48
82 13
58 34
67 24
59 57
44 62
80 46
40 77
44 89
30 2
32 63
27 75
17 60
83 12
8 62
11 9
58 41
2 40
46 96
12 88
21 49
59 11
66 44
5 76
46 20
48 93
72 18
25 84
90 63
56 96
79 69
93 43
10 24
62 55
95 37
99 67
2 3
51 68
72 94
73 67
43 11
47 35
84 6
92 43
34 56
73 61
11 92
9 29
93 97
98 14
23 10
56 83
11 45
13 39
19 36
54 49
38 41
14 33
13 42
6 89
97 35
42 48
36 80
88 56
11 76
46 17
51 99
30 48
62 19
51 55
100 53
52 15
9 19
94 41
78 40
81 83
34 78
76 7
22 37
99 15
71 22
9 37
97 31
53 8
38 67
37 65
53 38
16 16
65 25
43 4
83 71
99 76
71 26
48 37
65 24
49 39
99 18
45 53
19 55
92 33
84 20
55 59
66 95
42 75
18 71
2 37
12 93
95 19
74 14
89 15
98 7
73 82
10 100
24 19
85 24
36 60
41 81
100 56
15 62
1 3
76 48
12 55
66 22
76 83
46 76
32 13
89 39
9 35
100 100
33 91
76 69
64 55
56 62
91 94
82 82
8 2
98 47
10 37
20 90
45 49
20 53
18 71
81 24
40 28
41 82
98 94
49 37
26 71
97 34
92 26
55 57
15 99
37 33
37 57
30 74
17 32
80 14
71 78
16 35
84 85
79 9
72 78
67 8
46 97
53 62
7 62
17 4
3 97
27 77
1 57
52 94
76 16
89 24
6 55
57 63
87 97
69 77
25 38
95 92
98 66
31 51
65 58
40 21
98 49
21 2
35 44
23 27
46 27
88 19
22 30
74 91
63 54
52 26
53 48
45 5
1 2
92 17
79 71
36 67
30 75
31 80
49 3
16 80
91 17
54 95
70 48
93 74
73 22
25 98
69 87
85 41
13 51
32 87
90 92
64 66
71 47
12 95
81 76
83 67
45 31
7 9
48 94
86 75
98 10
42 70
76 74
16 64
32 28
79 37
98 92
38 22
67 6
88 12
83 34
18 32
36 63
16 55
65 83
12 14
26 31
27 60
88 85
17 63
11 19
49 68
39 94
57 71
12 4
14 26
53 49
64 53
18 62
42 29
58 50
34 38
92 19
39 85
85 53
41 16
49 99
69 59
11 72
99 31
1 60
67 14
13 25
39 48
52 67
82 64
40 37
29 85
15 36
46 99
54 10
40 64
83 11
97 42
74 22
37 98
27 33
52 82
97 96
26 17
48 58
83 83
32 21
1 87
77 16
74 68
37 81
1 91
26 78
9 22
88 61
31 57
16 7
43 26
50 93
98 43
94 32
22 79
65 4
24 70
10 62
80 97
48 64
58 89
7 76
82 60
87 59
52 58
75 21
87 9
98 58
75 69
35 85
30 21
66 80
55 20
43 67
15 48
43 4
55 20
3 4
28 1
41 74
12 81
87 35
50 98
62 17
26 45
43 12
93 23
2 3
3 72
25 46
9 40
2 30
99 72
51 9
17 64
26 45
20 86
88 1
27 11
46 95
49 67
18 26
7 23
97 16
7 48
61 93
38 72
39 41
90 62
30 51
12 84
40 93
87 75
11 54
74 75
68 81
64 47
3 18
37 25
17 48
84 63
40 57
2 83
61 58
66 47
63 50
65 3
53 92
77 1
21 34
2 14
40 29
59 4
18 39
18 23
91 93
34 98
50 50
46 11
90 84
6 32
16 8
23 27
33 100
94 49
55 34
67 2
41 49
95 91
4 5
56 53
78 78
94 48
82 2
65 33
29 73
40 84
27 20
70 79
88 94
98 7
4 33
36 80
30 4
15 48
39 1
66 51
19 42
25 83
16 5
46 64
20 1
47 60
3 55
97 41
44 78
24 62
8 84
15 54
50 43
64 94
82 32
25 6
67 34
69 94
28 100
100 95
6 92
37 80
61 64
32 14
76 49
3 59
50 28
33 25
50 79
45 12
44 63
19 79
50 73
7 29
17 99
26 25
17 97
88 29
80 13
33 47
63 65
22 12
57 50
28 30
23 79
90 15
48 90
65 48
56 60
31 98
89 25
50 64
82 35
14 43
69 83
37 55
92 99
56 59
68 14
78 32
68 90
64 40
6 69
48 36
86 97
49 11
78 62
45 3
66 99
93 83
2 82
5 76
26 11
99 46
18 41
35 68
21 89
44 34
84 16
64 95
14 49
53 7
96 52
62 46
78 88
37 91
50 57
94 72
95 6
83 54
41 15
93 96
87 38
100 27
94 13
90 57
7 25
7 47
56 92
63 8
64 62
61 5
94 6
27 84
29 27
59 64
75 90
55 10
16 15
16 70
60 98
22 60
19 99
33 13
97 43
1 93
9 40
70 50
85 13
15 95
49 19
92 80
77 57
92 91
76 35
30 62
100 36
60 91
36 34
46 63
17 17
68 10
15 20
18 62
77 18
54 29
16 63
79 62
62 56
78 65
39 21
60 9
89 63
93 6
52 99
22 60
68 37
94 70
100 74
100 46
72 99
34 26
47 81
80 9
70 91
35 2
25 34
93 81
13 10
9 96
14 38
49 9
64 70
59 17
25 14
5 13
2 61
31 77
66 87
89 14
80 49
33 99
100 60
54 29
30 60
3 29
56 9
8 70
53 55
40 66
63 4
95 9
8 7
63 69
30 86
54 66
70 86
37 9
47 52
76 73
66 30
29 90
51 63
16 21
96 92
50 15
36 20
32 21
100 24
25 41
58 99
77 49
64 69
61 6
68 53
32 35
24 82
100 4
3 50
41 46
52 14
93 42
24 80
97 1
34 51
39 22
88 25
17 21
6 73
27 51
36 99
24 65
28 20
98 68
10 47
51 60
31 22
22 64
33 21
56 12
71 82
29 77
2 18
2 2
62 30
13 81
29 89
64 41
53 8
25 99
7 8
90 8
83 71
28 77
26 10
94 57
91 75
58 72
38 66
57 84
77 60
16 18
34 47
87 46
8 81
75 63
70 66
15 62
42 35
44 40
91 67
37 16
47 55
3 14
56 74
83 68
94 20
96 60
99 74
99 77
23 96
7 27
62 88
52 41
68 86
3 79
88 88
58 23
66 76
2 26
81 46
83 47
12 40
85 56
18 47
15 1
71 2
66 49
34 34
84 91
59 37
96 41
22 81
69 4
57 62
67 25
14 2
71 56
40 58
12 8
94 25
86 67
69 69
41 43
32 37
60 61
69 81
88 96
10 28
67 17
45 37
5 22
31 56
36 60
64 96
77 18
36 26
34 92
76 97
94 28
98 45
40 40
29 47
22 91
87 43
48 78
49 3
29 17
63 61
13 67
20 97
54 22
51 24
25 51
8 3
71 40
61 28
91 72
5 66
88 99
80 88
3 93
81 41
56 58
74 44
20 83
92 97
7 70
56 71
59 31
18 62
61 19
50 69
5 27
55 50
1 77
70 49
39 21
75 25
54 84
22 40
40 21
63 17
57 14
46 51
72 56
42 62
73 81
68 18
44 32
51 98
74 49
89 44
88 97
21 92
5 5
36 26
92 66
96 39
57 30
14 31
85 13
57 50
89 46
33 32
60 67
9 7
51 69
25 19
20 33
41 1
3 12
1 82
88 58
27 33
9 61
84 73
53 96
99 36
88 78
68 3
91 48
7 15
59 98
40 36
86 99
5 10
83 88
40 56
42 5
53 42
3 55
94 66
17 75
55 66
86 38
82 87
99 2
6 95
22 4
5 42
23 22
63 73
43 47
99 13
91 5
42 65
71 66
61 3
39 53
16 45
49 74
11 66
85 15
42 80
93 94
72 49
85 33
57 52
15 96
49 3
49 58
12 100
58 81
61 73
98 51
59 2
19 28
19 96
95 72
10 31
53 84
2 99
47 53
18 64
14 13
29 84
88 33
45 28
68 55
86 30
42 72
99 40
76 77
26 16
55 44
9 64
29 60
9 78
46 25
52 81
36 3
10 70
80 45
40 82
72 75
51 41
46 29
15 51
60 57
90 37
98 27
61 42
35 36
63 19
51 16
96 26
16 86
37 77
99 10
66 1
53 42
44 87
96 94
70 54
35 63
60 86
57 56
86 32
49 27
52 39
21 42
69 28
85 47
54 42
37 41
94 59
60 5
76 57
7 86
50 21
91 23
91 24
56 94
48 91
59 14
6 60
17 68
40 31
40 39
86 90
30 44
97 30
51 80
26 84
9 21
71 63
69 9
71 53
96 31
43 29
11 81
32 57
78 84
3 99
84 67
39 91
15 90
6 26
84 61
80 22
56 47
98 35
15 91
75 18
99 23
84 32
38 50
13 99
22 88
74 65
67 21
82 16
34 73
92 74
89 99
97 62
37 25
14 49
26 18
51 34
99 92
13 49
75 49
5 51
46 55
57 74
98 44
40 13
4 59
94 30
70 80
3 100
37 47
84 6
61 90
78 42
37 100
69 98
3 73
79 16
33 83
21 96
57 30
92 5
56 63
98 4
97 11
84 48
11 11
5 79
25 84
36 26
14 41
12 23
63 89
50 85
10 8
54 80
69 9
53 74
99 64
25 29
62 78
86 95
77 89
76 42
38 64
84 37
99 4
50 60
27 56
69 74
60 41
13 15
20 36
37 41
100 77
73 69
76 51
96 90
81 50
58 75
54 85
73 38
39 86
71 42
35 41
90 31
28 34
29 9
33 78
19 98
30 56
42 33
33 54
2 24
7 71
83 39
55 80
83 61
87 57
10 82
75 94
8 96
11 42
40 37
32 11
92 49
57 42
70 57
70 95
41 35
4 33
84 16
29 14
72 24
91 8
89 75
90 33
80 57
75 94
40 70
75 99
96 26
48 7
88 11
28 76
69 12
86 35
71 51
17 16
87 57
44 98
51 53
10 33
76 82
77 54
60 85
52 37
10 99
8 86
38 7
38 46
18 17
98 83
90 87
99 33
73 79
5 29
43 86
22 80
61 71
23 8
83 33
100 38
61 69
27 79
5 72
77 63
34 49
5 51
52 94
27 13
14 63
70 31
52 58
25 26
69 40
92 45
24 37
98 19
56 81
10 95
66 94
79 55
21 91
29 52
95 24
29 5
29 3
29 90
91 67
69 39
52 80
98 48
100 93
62 35
60 12
7 15
71 34
52 47
97 91
83 78
46 70
8 99
68 53
97 60
9 78
69 2
64 61
12 53
31 8
4 18
86 4
19 33
44 93
95 35
65 100
73 79
27 33
8 26
93 10
95 42
69 43
7 38
1 39
54 81
77 79
57 91
56 50
22 26
54 87
7 38
97 48
88 62
4 67
89 4
24 20
72 88
54 31
71 22
82 35
26 87
65 73
93 92
64 72
10 100
43 74
2 92
19 20
47 89
74 49
91 50
43 93
83 51
63 63
81 78
41 30
91 5
41 71
95 72
52 35
43 42
40 97
79 74
27 67
60 92
29 83
68 13
69 99
86 53
97 64
66 20
35 80
94 74
19 15
91 16
52 83
97 14
38 36
24 95
29 96
45 98
44 21
4 15
14 19
30 48
100 12
53 24
65 44
17 43
8 28
4 81
28 82
100 57
5 85
40 73
47 24
64 41
26 93
5 72
38 96
41 93
96 72
75 43
37 100
20 64
93 96
27 63
52 64
100 21
2 55
18 83
52 74
31 28
77 52
40 67
1 86
58 84
30 83
48 30
72 100
46 38
65 29
21 82
9 51
16 62
73 69
26 65
74 53
46 86
37 100
42 81
26 88
14 81
95 50
16 25
46 30
24 39
24 39
28 55
36 63
65 37
82 48
93 18
19 99
77 78
67 28
91 7
62 23
85 49
86 72
100 7
53 67
57 8
89 32
96 23
45 89
100 19
94 73
48 66
53 40
64 52
21 74
1 98
93 67
67 83
99 83
63 92
83 78
15 10
29 3
34 46
54 22
3 16
22 76
99 23
11 86
29 18
67 80
60 4
41 73
6 50
47 66
51 46
4 73
28 23
76 82
78 21
72 90
26 13
62 46
51 43
39 12
53 57
25 9
70 95
85 13
21 73
2 41
91 88
57 69
83 28
7 85
98 55
99 44
44 71
20 53
7 28
93 19
18 21
72 35
70 93
93 20
15 56
53 97
71 41
78 77
23 92
45 12
35 66
42 70
28 91
70 57
50 41
23 76
86 32
98 35
58 12
69 35
60 41
67 26
51 98
27 99
25 1
40 46
15 34
45 42
2 26
11 43
64 62
83 19
74 66
43 89
5 3
83 52
67 17
31 44
37 39
99 55
90 7
64 86
90 9
31 12
73 71
40 38
62 29
27 37
28 90
88 21
88 60
70 77
66 16
35 79
46 1
15 41
3 65
7 98
66 61
24 93
34 6
48 63
35 26
44 49
14 36
74 66
74 47
48 9
35 86
58 20
4 8
80 23
41 70
42 95
98 56
18 64
9 36
29 19
77 26
30 33
4 79
21 99
19 16
74 59
20 57
61 91
43 16
4 29
61 16
67 91
74 55
83 45
21 84
44 63
3 43
100 18
3 51
38 77
21 60
59 8
81 2
32 69
93 29
49 75
6 42
34 75
68 66
6 16
99 46
43 19
37 13
46 8
24 45
62 82
88 1
70 44
27 50
83 74
44 42
52 24
68 87
4 86
77 19
59 15
85 38
89 69
46 69
85 79
17 32
57 94
68 15
14 70
79 34
88 98
52 28
51 40
87 45
44 26
36 9
4 19
91 3
56 96
59 90
42 56
12 34
72 87
87 83
33 64
26 49
63 44
81 52
90 88
29 76
51 23
94 11
4 69
53 2
31 68
65 77
33 80
96 16
41 65
25 68
5 90
74 39
50 60
59 6
13 68
43 73
100 73
77 92
8 10
69 36
26 47
28 40
94 64
73 67
54 93
95 38
44 79
49 84
39 30
77 11
60 30
9 97
66 12
34 70
79 71
49 27
24 22
92 41
100 48
65 69
48 13
6 15
81 40
31 1
77 42
13 92
92 43
24 53
67 42
79 49
8 98
57 18
54 81
38 30
28 69
65 96
96 47
53 55
46 45
87 57
73 62
69 53
79 16
51 51
62 70
47 32
95 57
51 55
98 4
15 53
19 39
35 29
11 1
7 51
81 36
24 74
3 20
58 63
62 62
81 73
69 35
28 86
32 2
61 99
83 41
23 60
72 71
53 8
90 76
82 62
73 33
73 64
14 34
2 53
79 58
40 90
10 32
36 56
23 13
48 56
31 7
38 66
98 39
62 27
94 67
49 54
81 10
45 42
59 72
60 40
44 79
27 2
44 73
96 24
49 22
94 11
80 81
97 41
78 2
57 23
1 67
67 99
74 45
23 91
16 13
53 75
82 37
53 16
58 61
76 81
89 24
23 24
40 50
54 6
2 58
73 32
29 97
7 51
80 67
77 51
2 53
99 33
12 52
98 55
72 100
70 88
73 3
98 67
100 10
32 6
33 94
29 11
36 7
11 97
92 52
96 64
69 57
72 41
51 3
32 95
74 47
59 100
13 29
63 95
90 10
86 76
71 62
73 96
75 42
64 88
66 20
24 73
88 79
76 6
25 72
61 79
10 78
44 22
17 71
13 93
45 50
27 29
66 21
76 5
95 71
61 79
75 7
99 35
61 55
50 83
2 38
51 87
84 13
49 49
34 71
95 34
86 14
89 83
84 2
47 26
76 15
69 84
2 95
77 16
100 41
50 88
81 33
79 19
72 13
43 67
21 61
75 32
74 98
99 33
80 59
14 65
3 79
52 22
70 15
35 24
85 48
37 3
84 49
93 37
43 90
70 83
16 57
81 91
57 53
19 54
67 62
59 3
77 63
84 25
51 38
39 4
11 64
74 3
54 75
63 69
28 27
25 43
44 70
22 60
23 64
40 21
30 63
63 43
17 55
51 87
66 12
92 33
79 15
33 66
6 31
92 26
28 11
40 72
72 20
1 33
10 72
67 20
53 35
88 1
84 20
19 33
15 60
18 21
67 20
74 7
56 21
73 47
65 93
20 69
1 25
65 84
5 21
82 80
52 22
56 90
25 33
89 99
84 37
38 69
3 10
24 92
48 58
2 85
95 21
2 83
37 32
89 28
19 64
42 45
5 31
41 33
72 49
71 85
17 54
53 18
18 35
25 48
14 40
26 78
81 80
5 90
30 58
47 55
33 19
64 12
69 29
55 45
51 46
94 78
78 97
92 2
57 76
37 37
79 98
23 59
49 61
18 22
29 18
41 6
61 28
44 14
35 49
4 10
4 54
54 80
88 6
84 68
13 47
42 92
3 41
4 64
27 17
69 9
47 91
66 8
2 80
66 62
31 97
48 34
95 19
73 20
2 70
98 12
26 29
58 49
100 11
49 5
57 96
80 58
51 79
64 3
34 56
26 50
37 25
100 44
93 30
97 40
60 94
62 31
69 98
75 22
49 23
62 66
9 93
30 12
92 79
73 68
36 22
5 37
95 88
98 93
86 74
3 62
25 42
30 66
28 60
76 27
88 71
74 67
31 11
68 61
93 24
9 50
87 44
50 100
33 77
87 16
11 71
83 18
37 11
28 16
3 45
59 73
57 67
68 31
47 69
91 71
82 96
45 92
55 13
97 24
33 8
18 97
56 26
46 4
15 46
43 5
35 29
79 90
82 83
12 100
88 16
39 16
56 90
51 61
61 23
92 25
13 74
32 77
59 33
5 22
55 45
100 89
51 97
98 11
71 8
12 36
49 73
15 21
49 37
3 74
56 28
35 18
57 8
19 59
65 76
38 62
97 37
89 19
85 56
70 92
47 70
99 58
3 16
42 31
86 32
70 73
75 72
31 31
43 2
80 67
29 98
95 11
21 57
33 42
69 11
93 13
68 99
44 30
96 44
70 54
17 61
53 13
61 51
11 84
87 56
16 99
8 41
42 32
77 43
48 57
67 40
98 17
81 30
95 32
48 92
54 19
20 96
83 25
14 31
6 35
42 45
81 13
9 78
83 98
62 44
3 67
98 69
70 88
27 44
25 65
71 28
73 4
70 56
86 40
12 8
67 58
33 52
89 42
37 72
84 60
69 78
14 23
91 14
28 41
86 40
50 56
62 33
3 94
76 61
31 77
3 74
88 53
83 45
56 22
93 66
35 55
62 6
39 46
40 92
1 88
1 48
90 92
94 19
31 30
80 95
84 36
64 95
98 93
57 37
73 34
65 69
18 10
95 69
43 44
35 62
43 29
98 81
96 3
56 10
16 7
86 59
38 54
27 3
16 41
27 56
77 20
4 57
56 34
8 59
62 95
22 39
4 44
76 55
5 62
95 53
85 74
26 66
53 93
58 79
4 89
19 71
84 98
7 24
79 42
78 22
76 62
44 88
89 29
95 37
99 13
24 33
10 6
81 68
82 39
93 50
83 80
78 54
26 35
85 83
86 20
3 70
15 60
91 41
59 72
97 99
25 54
85 72
22 44
24 72
46 55
47 34
64 6
25 97
46 78
55 22
25 83
79 14
12 94
72 27
68 47
18 30
52 69
86 27
13 74
9 9
48 41
56 46
63 51
23 84
9 24
72 45
74 100
35 43
74 18
69 27
6 2
39 27
29 52
57 17
21 98
52 39
69 53
33 26
38 83
23 52
28 95
89 75
26 65
69 63
35 15
13 99
50 71
94 25
47 41
56 29
89 38
67 32
70 86
41 32
34 32
45 92
43 5
42 40
57 35
5 74
62 56
63 10
17 65
10 33
46 85
9 24
97 73
51 48
1 95
27 40
48 30
23 70
29 92
74 98
56 36
49 17
76 36
82 60
57 61
67 15
73 29
100 81
64 21
78 19
45 20
99 14
55 9
73 3
45 35
87 4
72 25
89 3
54 95
87 76
83 1
83 79
15 87
7 4
1 54
35 23
64 98
37 36
55 57
18 74
73 41
94 81
90 49
56 20
5 18
13 33
52 90
32 4
64 42
89 2
95 86
38 81
18 72
49 33
14 55
23 59
12 85
87 18
75 57
82 6
62 60
47 10
83 55
11 57
89 95
13 2
52 58
64 80
85 41
56 63
85 83
5 32
90 6
28 44
16 91
98 79
38 34
15 7
30 89
50 73
73 79
98 44
79 16
6 92
78 35
21 68
50 95
45 33
71 100
8 25
4 15
77 59
70 70
22 100
17 97
80 63
37 49
56 21
51 6
90 2
88 6
28 76
28 69
27 44
45 36
92 68
17 1
77 58
28 92
46 16
53 64
83 39
12 86
3 34
91 50
70 69
71 70
37 19
48 2
92 60
47 62
38 69
23 10
79 86
12 29
65 60
58 40
38 37
55 35
49 86
86 38
24 63
8 100
18 93
85 75
67 21
71 87
9 70
69 15
87 77
80 9
77 8
52 19
44 83
55 71
38 67
27 83
24 72
35 10
95 28
79 42
57 10
54 21
90 47
42 48
79 3
25 47
95 81
68 45
35 54
95 83
7 84
4 82
93 69
94 31
32 48
8 76
7 56
14 42
95 39
61 44
36 10
4 29
62 14
3 4
79 75
38 80
29 13
39 92
44 58
49 44
51 81
53 45
60 23
96 3
24 35
36 67
22 28
2 33
76 33
38 100
14 51
54 35
3 97
14 85
63 86
17 99
82 44
53 14
50 48
100 40
67 82
78 60
78 99
79 55
81 92
39 34
65 21
51 41
2 40
33 26
45 87
10 24
30 2
65 3
83 16
14 76
93 100
33 12
49 66
19 45
74 15
91 79
66 71
43 79
57 37
50 96
66 11
18 44
72 79
19 91
17 65
20 40
25 23
94 43
36 80
41 25
32 1
23 55
89 97
85 24
65 18
33 21
8 69
1 71
6 34
62 25
75 55
22 56
12 88
21 11
18 66
50 74
57 19
87 83
7 71
94 32
58 22
71 46
15 36
24 17
31 73
25 17
56 35
50 29
90 67
66 93
44 82
5 89
3 28
62 68
91 61
44 67
84 91
9 100
34 23
34 56
90 40
48 98
67 61
76 7
86 29
47 37
60 59
22 53
83 43
32 57
4 21
40 80
10 86
58 77
58 80
59 37
73 93
40 65
64 32
93 49
100 76
31 100
42 68
86 63
55 78
24 62
100 6
65 73
87 69
6 28
97 56
60 17
61 68
70 94
74 98
52 43
100 65
41 29
12 44
88 74
13 51
19 65
10 71
69 86
69 17
50 49
88 17
45 89
56 14
46 5
83 1
37 9
29 14
6 96
11 2
73 39
14 56
75 27
99 70
9 98
40 68
12 95
1 55
26 82
60 32
34 97
96 64
17 48
95 39
33 23
96 91
8 7
62 71
68 33
47 56
84 11
52 12
81 27
28 18
39 16
58 82
23 10
41 53
7 94
93 94
26 49
100 40
69 70
75 43
44 93
14 78
11 27
63 87
14 70
85 89
15 74
40 35
22 10
56 65
34 95
89 7
54 8
53 61
92 33
83 19
23 26
83 75
4 60
15 78
35 66
30 90
73 39
54 67
99 92
26 72
34 35
23 63
5 89
80 1
59 3
76 50
82 48
39 48
88 65
35 50
11 24
50 46
61 24
44 97
75 44
94 21
12 17
94 77
98 64
39 34
97 23
51 76
4 75
84 46
81 75
87 94
16 29
59 87
31 9
58 75
13 63
47 24
77 14
17 28
53 53
49 82
73 51
44 83
94 64
45 75
86 88
24 1
24 71
53 99
54 72
93 13
38 58
22 23
88 43
62 16
87 68
82 19
53 32
83 2
75 97
23 38
22 43
25 38
14 55
64 15
28 76
27 99
94 2
71 93
100 53
24 47
43 69
90 93
45 43
46 54
43 21
36 99
3 2
31 98
53 11
99 17
66 28
5 52
64 42
69 35
100 98
4 49
74 21
100 42
29 91
22 42
81 41
77 38
83 16
46 88
40 3
71 53
66 16
44 32
23 7
61 1
54 50
36 83
30 1
87 43
9 43
20 14
30 36
58 81
33 87
24 5
69 92
47 47
9 14
21 64
11 51
38 20
46 60
19 8
1 48
77 52
60 44
2 96
10 34
44 61
66 11
26 3
88 87
73 68
25 87
60 46
23 96
61 21
44 28
79 38
99 41
20 3
56 31
67 29
88 88
47 19
16 67
89 44
91 90
21 82
2 88
99 46
57 89
91 48
85 8
66 67
96 23
5 57
85 2
69 25
64 38
32 82
90 91
95 4
90 27
86 85
69 14
40 26
51 23
10 67
45 58
19 36
30 81
42 33
60 69
85 45
20 61
13 49
64 86
31 48
21 50
81 90
45 44
96 91
100 80
10 64
31 97
57 53
85 4
28 4
50 80
42 55
62 45
77 65
46 14
57 72
26 30
40 20
34 13
22 23
43 16
56 38
36 10
46 65
92 61
0
