50
33 40 69 4 12 117 41 9 77 16 14 128 46
105 10 77 69 41 31 79 19 0 22 54 26 1
46 34 10 4 119 43 44 60 46 55 48 87 63
124 102 77 124 19 53 5 95 122 45 125 72 63
68 93 116 93 94 33 127 103 37 117 17 80 48
63 6 96 21 69 91 122 17 86 12 69 90 106
62 6 103 6 69 42 98 56 6 63 89 4 0
125 121 54 76 40 116 81 7 8 21 98 1 37
55 12 106 17 118 39 22 92 44 90 5 14 18
10 76 106 14 113 102 6 39 49 45 26 1 52
34 22 21 34 58 75 46 35 91 35 74 113 126
117 74 2 2 91 11 78 68 24 62 41 29 100
89 74 126 90 125 31 111 17 64 40 91 109 75
54 15 20 38 12 8 111 13 10 74 24 87 13
47 20 54 76 120 14 21 117 103 17 19 85 33
82 125 123 63 71 48 77 90 85 89 97 68 101
106 13 124 64 25 43 84 78 118 75 92 10 63
66 26 81 23 58 34 19 52 96 89 100 45 50
56 5 18 123 105 124 7 101 59 32 15 14 109
4 88 72 13 22 10 38 102 32 95 8 50 18
0 0 0 0 0 0 0 0 0 0 0 0 0
2 77 114 15 57 117 103 1 1 124 10 38 98
41 4 105 90 21 79 99 10 98 29 54 120 104
92 119 47 9 90 48 85 75 62 14 63 36 14
63 32 23 100 1 63 103 105 24 124 55 122 5
24 22 58 16 125 21 6 43 30 96 90 114 42
24 127 105 59 12 39 90 34 11 90 96 113 66
119 108 121 112 112 16 5 41 31 2 62 37 44
91 4 6 76 45 29 0 21 87 86 60 49 120
70 10 87 54 76 78 34 68 61 17 83 66 58
114 67 119 22 110 81 25 115 28 69 15 102 90
102 60 21 22 51 0 0 9 15 106 86 48 45
19 65 128 84 122 113 22 112 6 3 64 30 118
91 98 4 65 59 105 124 79 126 46 40 29 54
55 6 12 102 51 30 38 50 113 31 34 6 14
39 8 77 68 125 40 37 1 104 96 105 99 46
103 0 86 3 69 12 8 80 113 58 109 23 107
93 53 12 98 67 50 106 15 117 102 54 26 102
29 121 79 127 38 53 14 123 55 83 6 62 34
119 120 15 13 98 107 65 110 77 3 31 54 18
20 27 71 45 1 100 37 79 98 74 3 112 69
57 66 74 118 99 64 109 113 76 79 92 13 60
40 15 90 93 32 109 119 103 25 119 74 61 69
43 7 71 26 75 127 91 20 117 62 84 97 46
31 47 9 43 106 48 58 68 12 89 48 3 63
73 121 8 5 62 51 11 4 76 85 3 39 105
119 100 60 87 17 90 6 26 5 111 73 62 50
85 22 98 87 85 42 79 92 46 12 14 57 16
90 13 18 128 0 8 99 48 94 115 10 0 12
14 82 85 75 3 41 96 100 127 52 13 77 16
