73240
758940
216200
957475
267520
120300
630200
420600
115500
780
541600
347424
703
548176
7140
887185
732108
939480
486440
481928
22630
339125
157221
26235
264090
407200
571728
495168
452450
960360
234960
58300
372445
370754
758360
105
592700
390512
21100
740400
37895
216767
693575
9679
121280
862950
400600
748344
747550
407225
609825
928950
19500
132620
487510
738148
225500
376740
138415
1472
898550
413152
179709
305400
58520
729395
273840
801285
460816
44
1035
573693
87875
345300
409450
282256
2346
256118
87
329584
752600
901000
849200
972640
416030
125100
88544
179840
18424
35495
891018
487240
494940
662800
192190
202400
667250
322120
976000
818780
439638
726960
609825
817504
774400
132620
91
718050
363035
495368
21144
759395
196960
740400
312350
475520
339920
804250
529525
481940
596455
613408
160960
125300
270695
949168
220435
318500
559570
19600
837200
148000
502515
942400
140560
750300
2775
571600
1140
212814
608020
539824
158644
137000
249540
812925
894000
94400
275518
1
779204
917950
834350
262623
394360
123555
581460
889100
997600
164420
525524
465336
125740
383760
712719
266760
424128
1378
400684
774632
370977
192190
535820
661200
220512
983621
50
438050
586000
570440
386000
971635
119500
997200
712719
648000
179840
656800
515280
715896
103400
664720
226000
120525
486550
858960
999800
517900
535820
62196
889065
95
121050
559600
681100
262120
730940
354000
458400
95284
104916
663318
616536
338408
633160
10533
254720
865552
46
741450
55530
512240
835630
52080
817424
864500
595
6386
255544
707725
830650
276
703560
88674
390925
751081
353275
889040
857000
717160
468045
790800
643600
138500
23
585600
2080
24000
658008
1001
578605
21144
97481
479820
383200
330580
236400
30320
6386
65150
148078
340080
599360
757263
571600
710700
363000
51
970070
217440
69
523748
11640
316251
496
360850
978625
239888
357080
819200
906700
239800
123110
935195
60598
147320
1
47125
751200
644624
507000
294100
800940
643200
889040
217580
858628
577360
858990
524216
992991
93325
427325
910040
508888
707504
851920
457400
689815
672000
338428
356052
84160
569640
120
264840
564000
656129
583760
748140
407757
968805
935250
484880
180520
820540
223328
1
894540
164120
996160
392192
456656
310800
1
6400
827550
166200
391150
612280
108800
610368
478920
120600
656825
296280
58
709550
1
241450
540195
371260
119008
722620
422000
465336
684900
464650
586400
430158
346000
273718
199760
872328
878896
509840
270780
900160
812000
498640
701112
1
48
999680
91
910500
649440
230790
574400
178440
129766
7
524635
934400
116600
286560
395040
339235
589480
795676
455634
894250
600325
394750
75582
840335
277680
613408
938876
622664
583390
928375
108138
33850
46000
470150
926117
385836
9460
611744
278840
726560
858600
869850
158880
501785
542336
725890
312765
966470
566850
329584
22630
760096
528
200880
944280
939300
354225
727536
239600
117421
48405
404000
196000
177100
120600
379000
205610
1
887620
200880
873950
515280
727536
588000
261625
737280
897631
269895
952960
57400
289150
257260
852000
908435
936750
680
42504
307950
1
853500
998780
453672
95284
535400
677520
332000
179840
116280
33649
202966
147200
1081
133340
721950
932800
45015
125940
14390
850200
481600
528800
4371
461720
560800
731400
658200
212814
22100
404960
621455
330580
231400
75400
812000
509160
661800
621000
998700
437752
747550
319858
817960
230064
172920
278896
6660
762976
711600
174310
1820
522440
529256
1
448150
72
126049
523144
172240
438545
565850
796075
340800
25
859360
396135
360240
328292
714200
923000
694872
407757
4060
997600
967540
120
260280
240784
872360
612280
58480
59
541900
540824
148000
9880
780752
907640
320920
131912
4950
52300
973150
987824
166650
125600
9240
892428
64824
443744
533939
32
609328
572974
220
967520
111090
244700
1
31465
244700
1
895525
935250
478920
248628
829850
990902
533050
125740
138500
584400
814600
173520
641615
350800
783196
819695
484512
322900
127100
473835
1
43758
786848
80550
126
739396
3060
618700
19880
511570
435200
53888
657970
311610
930610
8336
785200
128608
113784
940519
142660
207460
812925
1176
569696
610
13244
94240
188840
157160
517200
501640
236203
64385
930508
560500
625896
189400
133340
11628
124064
525520
541968
775100
197437
571600
433648
266760
383151
255200
419500
808400
823510
157221
434000
774795
781120
3160
585978
400080
252000
785200
15600
848168
36840
819400
339132
623650
671686
1
19909
362552
138643
55430
849200
874470
215500
1953
893672
236280
512375
773900
946
73240
535072
48
63860
865325
435897
65
392040
178720
78475
34616
680400
55
147320
80863
65150
89640
824344
656720
584000
89640
722620
675514
878850
739160
42
323770
689264
25824
812560
666600
813600
245157
527110
4950
620976
908690
59052
219850
225900
726560
480800
255440
405800
455126
81168
740513
6400
895935
698010
676000
372864
911280
271512
61
817504
125640
99
461300
88674
166130
26334
186856
4920
121900
481440
954207
434400
65875
65150
656200
732108
328000
303990
383760
186720
326800
320
554410
635600
101705
242850
192950
132875
690880
531480
71000
389900
603235
272300
854525
199152
5985
369250
652800
638855
220
942400
660956
26720
633160
974532
395040
991040
378800
115985
574100
893825
52080
42451
1431
801300
680264
488000
85470
18320
457650
521440
160960
183545
686825
547950
797700
919450
936230
320
87875
756816
81575
713520
545685
100
745396
208520
176856
1365
963760
623160
131912
735471
622444
81575
577360
556560
70300
362802
457986
756200
845976
636165
100730
753420
1
666120
273600
756200
919450
576600
582065
501912
563898
214816
86800
189615
494400
465784
548525
192968
257720
516100
121485
865552
631940
968400
678950
524191
976050
563865
16970
558050
564000
224000
993005
936750
732800
143380
221759
85
47324
912720
51680
223040
904685
799200
179350
707650
827765
581350
632800
20606
454345
1
122000
661408
870330
901000
2080
559310
527266
493120
17296
740400
98563
715
558050
262564
251744
660956
919920
32800
891810
914804
1
647432
296048
211160
408160
125340
564000
932800
6
457400
783400
968775
84000
461512
489225
645216
689264
98830
289600
3916
817504
871600
478480
35495
707504
329060
750150
732800
985175
515700
366819
426425
247750
430158
675900
72
831960
932800
799222
614750
1953
362995
934000
359780
288800
757870
122941
315220
792100
517082
286130
643200
948104
11480
926117
256644
375910
513506
753420
75582
162950
530800
461720
161600
312350
245600
826000
799400
551500
6386
211900
220
511350
972400
51
653200
672315
424360
230230
797700
73240
880100
471000
266528
69236
336650
685685
142400
856800
564800
8336
94725
533960
367852
18900
726400
820907
5500
851400
472000
198800
273718
