130
-
-1023
-1003
-965
-920
-918
-896
-871
-817
-802
-797
-789
-784
-774
-735
-707
-681
-631
-628
-624
-593
-591
-582
-580
-579
-575
-574
-548
-529
-515
-514
-501
-496
-474
-469
-467
-406
-348
-333
-331
-310
-295
-271
-259
-221
-175
-93
-74
-54
-35
-27
1
22
37
49
58
61
62
73
82
109
114
126
146
153
158
160
162
164
187
223
227
233
258
267
280
297
313
333
351
353
377
395
410
412
413
472
478
481
518
528
539
546
549
559
563
567
570
571
582
590
594
632
645
649
657
658
660
664
665
685
700
703
725
746
810
828
837
844
854
861
901
905
906
937
955
977
984
998
1015
1023
