346
-
-14986
-14968
-14954
-14919
-14902
-14878
-14746
-14726
-14707
-14688
-14678
-14626
-14498
-14488
-14384
-14345
-14274
-14204
-14101
-14097
-14076
-13926
-13833
-13794
-13714
-13402
-13364
-13329
-13168
-13092
-13049
-13037
-12806
-12789
-12554
-12374
-12127
-11936
-11852
-11821
-11577
-11542
-11420
-11291
-11134
-11023
-10916
-10845
-10806
-10801
-10778
-10671
-10656
-10598
-10591
-10582
-10472
-10274
-10202
-10135
-10004
-9863
-9728
-9596
-9448
-9425
-9370
-9335
-9212
-9103
-8994
-8937
-8862
-8673
-8596
-8481
-8430
-8381
-8268
-8192
-8166
-8044
-8030
-7741
-7732
-7591
-7540
-7534
-7353
-7261
-7057
-6909
-6881
-6861
-6788
-6759
-6683
-6645
-6612
-6566
-6426
-6185
-6161
-6145
-6056
-6015
-5879
-5832
-5811
-5759
-5714
-5675
-5655
-5654
-5617
-5548
-5540
-5535
-5409
-5292
-5229
-5215
-5165
-4874
-4766
-4722
-4697
-4658
-4617
-4370
-4294
-4101
-3982
-3894
-3779
-3717
-3616
-3536
-3465
-3316
-3287
-3264
-3180
-3108
-3057
-3046
-2889
-2861
-2787
-2720
-2691
-2621
-2398
-2352
-2257
-2213
-2165
-2109
-1946
-1851
-1774
-1633
-1600
-1535
-1520
-1480
-1351
-1262
-1253
-1236
-1137
-1136
-743
-740
-718
-626
-572
831
838
842
896
906
973
1104
1182
1289
1341
1404
1536
1671
1913
1985
2016
2199
2207
2447
2599
2921
2943
2980
3031
3042
3062
3085
3106
3262
3324
3350
3438
3484
3504
3545
3588
3606
3626
3635
3659
3850
3854
4019
4071
4098
4102
4153
4177
4211
4230
4264
4287
4479
4550
4667
4999
5190
5235
5305
5317
5361
5407
5437
5481
5628
5683
5703
5728
5818
5875
5994
6064
6107
6249
6329
6417
6475
6890
6985
7009
7056
7067
7196
7247
7350
7397
7489
7530
7659
7712
7911
7921
8321
8365
8402
8544
8578
8652
8676
8765
8770
8981
9042
9081
9218
9249
9329
9383
9431
9502
9514
9569
9616
9660
9748
10134
10153
10199
10260
10285
10450
10451
10471
10548
10634
10638
10657
10797
10809
10879
10890
11075
11141
11298
11508
11628
11755
11807
11881
11929
12056
12154
12348
12705
12712
12720
12833
12949
13002
13036
13149
13157
13250
13263
13347
13365
13545
13694
13727
13728
13814
13816
13859
14186
14268
14525
14679
14804
14887
