51
59
72
66
248

20
22
34
15
29
35
22
30
30
237

23
26
32
26
37
44
33
43
48
34
41
40
44
41
37
30
38
39
46
43
26
26
28
27
43
48
35
35
28
21
34
34
30
35
29
16
1240

72
59
52
58
73
74
73
73
50
61
69
78
63
64
45
54
61
78
67
54
53
58
72
74
71
55
62
66
82
73
69
64
62
76
79
67
2361

508
500
515
522
519
538
533
522
542
4699

367
363
391
394
391
414
412
405
430
3567

371
370
396
364
341
351
372
347
348
3260

504
516
513
529
2062

326
321
317
306
338
330
318
306
305
276
276
260
294
262
264
238
4737

81
66
65
68
71
66
63
70
83
72
80
71
67
64
61
77
88
94
86
79
64
65
92
97
94
79
69
64
52
71
79
70
64
53
63
50
67
54
49
52
54
74
41
54
35
33
42
64
83
3300

146
129
124
118
135
115
124
109
112
105
112
92
114
108
107
96
1846

24
29
29
35
117

112
137
141
142
136
126
120
135
142
128
121
118
111
111
116
118
118
116
126
130
134
131
119
117
103
114
120
115
97
102
114
110
101
93
84
92
4250

89
80
103
85
80
97
67
72
89
762

57
65
71
68
63
60
52
57
69
49
53
65
63
53
56
57
68
80
44
37
50
43
46
43
59
57
71
48
44
62
63
67
58
71
60
69
40
44
58
66
70
65
69
62
65
38
50
54
68
63
66
63
75
67
51
67
61
63
44
59
54
75
67
64
87
83
67
46
65
70
85
74
82
85
74
54
38
54
58
74
80
4962

987
985
968
976
3916

30
26
27
31
114

117
138
147
121
128
145
127
137
153
1213

30
20
32
32
114

71
85
80
62
41
44
62
83
82
84
63
55
44
55
79
70
84
66
61
49
73
85
77
92
70
70
51
74
74
90
95
89
78
68
81
64
76
86
89
76
78
80
69
78
73
97
84
88
80
3605

65
49
51
50
60
77
73
65
60
55
57
84
77
65
60
52
69
83
84
76
62
41
49
49
83
71
54
48
53
50
84
84
55
46
41
54
2236

134
159
154
118
151
161
113
140
148
1278

61
53
51
42
207

394
422
395
428
1639

202
189
189
181
211
185
190
183
215
181
186
178
202
160
187
189
3028

62
59
67
70
85
95
81
83
77
78
78
76
76
94
92
100
91
69
74
87
86
98
87
78
58
81
79
81
81
80
54
73
69
69
70
75
2813

288
330
349
326
320
306
284
326
357
354
362
343
257
299
316
327
358
350
243
284
301
316
334
325
238
272
283
300
327
318
235
255
262
290
317
307
11059

103
109
95
113
115
116
133
136
115
102
96
76
96
100
117
156
157
144
131
110
94
99
105
129
154
148
131
133
114
116
106
113
126
145
138
114
138
110
106
92
92
109
122
131
128
144
119
115
101
87
96
100
113
120
125
113
105
98
85
91
97
116
143
114
114
103
102
98
100
104
120
145
117
121
128
113
105
97
97
107
135
9301

657
618
615
599
567
575
616
572
570
5389

42
39
23
13
17
22
20
17
20
23
17
29
34
41
23
11
15
14
3
12
26
18
29
26
41
25
16
29
28
10
5
22
26
28
30
25
17
21
26
26
19
13
21
29
37
44
29
17
22
31
30
21
27
24
15
39
46
40
29
36
34
37
34
33
30
19
43
48
44
25
22
26
36
44
39
34
29
35
44
35
14
22
37
43
45
36
36
26
22
31
26
24
32
32
32
43
33
29
36
24
25
19
32
29
17
14
32
30
19
31
25
27
17
29
32
29
22
22
28
33
31
3335

603
597
612
616
613
620
627
632
640
650
666
664
635
651
657
664
10147

125
131
126
126
132
140
135
127
140
144
132
134
143
135
126
142
2138

66
43
69
67
56
78
65
69
84
597

126
122
96
97
441

186
169
183
185
192
199
175
186
182
187
214
196
205
208
206
217
195
211
213
211
203
192
216
204
204
4939

62
76
76
74
48
67
67
63
55
64
52
54
48
61
68
76
1011

77
80
98
96
64
72
82
82
64
71
83
86
77
83
84
80
1279

605
603
623
623
2454

93
109
106
93
99
102
111
117
117
947

170
179
155
168
672

622
616
618
588
590
601
604
589
591
5419

187
181
172
175
173
171
173
176
207
198
191
173
160
157
166
166
204
188
168
164
152
148
160
153
206
172
164
168
142
134
155
147
208
192
192
170
156
159
168
158
209
208
207
196
181
175
168
170
207
204
194
197
192
188
190
197
187
184
187
194
197
202
214
218
11520

593
604
607
610
608
603
601
612
617
5455

20
43
31
40
134

59
65
64
68
81
77
77
80
75
646

23
28
27
8
4
17
33
23
22
15
19
16
26
44
29
27
21
37
34
25
46
26
38
44
42
29
20
37
33
50
47
40
36
32
36
24
39
33
25
33
45
44
25
20
22
28
29
36
37
1474

80
85
66
66
57
61
59
68
67
85
84
60
55
54
63
69
65
48
85
88
77
64
65
68
79
67
54
59
71
71
74
83
75
79
58
50
64
81
89
97
86
75
84
80
65
78
93
93
101
78
66
63
67
47
71
86
81
85
56
61
58
81
64
75
79
77
72
70
62
58
66
73
73
83
83
77
67
54
60
63
84
5785

139
135
132
146
154
171
154
150
149
130
126
127
126
134
127
134
160
135
133
121
119
130
119
125
142
126
120
126
108
98
101
97
130
116
108
124
118
101
106
97
139
142
138
145
137
107
104
100
102
126
135
140
136
109
109
108
105
114
126
117
132
118
106
105
7994

656
641
644
632
2573

39
31
43
59
84
42
44
39
50
73
66
60
62
63
83
76
74
76
67
63
77
74
85
85
74
1589

34
20
17
25
30
13
23
33
22
24
26
25
29
22
28
39
410

306
298
316
321
304
288
291
301
290
291
256
253
269
269
280
249
247
255
253
257
245
232
251
250
259
6831

22
32
23
22
99

38
25
30
41
32
10
10
36
53
40
18
39
28
33
42
46
22
19
39
45
27
9
41
33
35
31
31
29
38
39
39
37
18
31
28
30
23
21
32
38
30
29
39
25
29
44
37
29
24
30
29
18
15
32
35
29
41
40
38
31
42
47
31
23
30
39
30
29
28
30
38
53
42
35
34
32
33
31
30
31
32
31
34
17
29
43
41
36
37
37
29
29
35
36
27
35
35
24
33
46
45
31
19
31
49
47
31
17
15
32
50
50
47
31
29
37
29
19
26
26
33
3928

204
206
224
229
197
195
204
217
205
203
203
216
198
188
183
190
3262

186
177
176
169
160
148
160
147
198
194
187
189
180
162
169
154
200
183
172
155
156
153
164
155
196
194
188
175
184
188
192
182
203
204
191
165
186
193
196
186
196
214
208
185
200
212
213
196
185
208
198
163
170
185
187
190
182
210
218
184
175
173
176
172
11717

340
327
319
320
1306

79
64
51
76
83
75
53
71
70
74
65
67
73
78
85
73
1137

28
23
37
28
116

40
24
17
22
30
32
27
13
12
28
16
13
5
6
29
21
13
5
14
23
36
26
14
28
25
519

151
151
127
123
120
100
130
134
150
154
122
117
111
98
125
126
138
148
125
123
119
108
118
127
138
130
119
128
120
129
125
114
128
129
115
115
129
133
138
127
116
120
115
115
131
136
127
123
114
111
108
102
113
116
124
126
93
99
101
103
115
122
126
128
7846

43
39
24
23
35
38
40
23
24
36
31
37
27
25
31
24
27
24
32
29
29
26
25
27
19
738

500
520
530
522
494
504
510
488
509
512
519
497
509
511
518
497
8140

14
5
11
25
35
36
26
30
17
11
26
29
34
31
31
32
16
20
31
22
18
27
23
17
29
44
30
17
36
29
20
24
34
31
33
33
30
28
31
32
27
36
28
22
37
44
29
24
40
1335

27
21
17
32
97

31
17
29
36
13
12
22
9
27
34
26
31
12
7
25
43
39
40
38
26
23
33
34
42
50
36
25
17
21
38
34
34
32
24
27
28
1015

30
5
27
45
20
18
47
33
20
245

400
398
400
396
402
395
396
409
407
402
397
402
419
403
389
386
6401

27
30
39
36
27
30
32
11
11
32
47
40
25
20
21
21
30
46
37
25
20
34
35
36
34
34
35
37
50
46
36
30
44
36
35
33
37
25
26
46
30
20
20
35
34
41
44
23
23
1566

666
655
650
669
645
632
655
638
619
5829

328
333
368
366
365
317
328
348
339
355
307
316
318
327
327
289
284
273
302
323
306
303
289
318
327
8056

28
50
40
32
50
39
24
40
27
330

33
36
38
31
16
15
24
29
11
14
19
16
8
25
44
30
389

102
102
111
112
96
91
93
101
107
103
106
103
115
118
130
126
113
104
125
123
132
125
117
110
112
102
125
121
118
133
134
115
138
123
121
131
4138

492
502
497
496
509
472
474
471
471
488
474
478
462
467
482
467
468
444
468
476
475
487
456
471
483
11930

38
34
22
27
43
38
32
34
35
303

105
98
139
134
476

625
631
644
655
2555

35
38
27
18
28
23
21
21
29
5
10
25
29
14
11
25
359

261
276
292
290
291
290
310
254
273
286
276
296
301
312
247
245
268
280
297
305
303
265
277
297
300
321
322
314
251
269
294
301
334
341
334
271
283
299
297
322
316
305
272
273
284
296
316
303
290
14300

75
75
76
82
308

102
104
99
109
414

60
72
71
79
46
58
70
76
71
75
76
78
66
73
68
63
1102

57
57
68
73
82
63
68
63
74
67
76
56
59
55
74
68
72
47
63
53
72
69
74
48
58
59
79
78
75
54
71
73
87
70
66
56
2384

36
34
19
16
105

400
431
443
462
460
415
448
456
462
458
393
435
441
455
460
430
459
476
483
486
420
467
483
482
502
11307

271
272
282
278
283
290
320
305
262
279
310
296
226
247
266
263
4450

45
48
55
58
206

34
40
43
30
28
37
36
25
35
28
31
22
19
25
39
43
42
33
32
28
15
23
43
47
32
29
21
29
24
11
25
40
24
14
12
18
32
16
19
38
35
29
31
31
40
39
25
31
39
32
27
41
51
41
21
22
23
18
16
16
28
32
29
19
13
14
8
6
19
22
21
34
39
25
23
23
19
26
35
28
29
2262

304
329
337
309
295
295
303
332
335
319
291
296
297
332
323
300
273
275
290
319
305
289
252
249
286
318
289
288
262
246
281
305
269
261
243
244
10541

180
178
180
189
178
163
183
176
164
178
162
150
167
172
162
172
144
142
180
179
159
176
150
151
209
195
177
191
172
154
221
206
179
182
175
168
6264

217
200
208
236
216
207
205
209
196
1894

250
256
252
263
226
243
241
257
217
224
223
232
236
236
229
229
3814

48
50
63
52
59
74
57
65
74
542

62
50
65
56
71
57
72
72
66
48
72
55
71
52
70
73
77
62
82
61
74
51
62
77
67
52
65
53
61
43
49
58
51
56
65
61
65
61
52
60
51
56
48
56
55
63
62
74
43
52
45
63
59
79
61
81
52
49
48
56
48
53
55
73
3859

129
135
135
127
118
112
161
155
150
138
116
117
149
149
140
133
127
131
148
143
141
125
116
120
141
145
143
140
133
141
127
129
124
121
121
132
4812

319
319
345
343
1326

30
33
43
29
30
45
41
18
12
21
25
21
29
29
20
37
39
42
39
22
27
26
16
27
24
25
34
36
42
49
40
39
31
36
25
27
35
33
37
32
38
52
47
27
39
22
17
30
35
29
27
35
41
36
28
26
24
13
19
32
30
27
20
23
38
39
13
26
32
18
10
28
28
17
18
30
32
28
30
27
22
18
39
49
44
32
16
16
46
28
22
39
36
31
48
49
42
34
20
46
32
38
51
33
24
41
29
22
37
36
46
39
39
32
24
40
49
23
5
23
30
3747

700
676
670
648
2694

57
40
42
56
68
53
39
35
61
52
58
77
97
84
63
48
67
54
66
85
112
92
85
75
68
61
71
81
104
96
88
83
69
68
82
82
100
88
88
71
66
78
94
87
86
81
84
63
65
70
91
91
90
87
93
70
54
51
61
76
73
84
85
83
4729

105
131
86
113
435

53
32
41
30
156

72
74
80
87
313

170
169
172
176
163
155
145
146
160
167
183
171
176
200
187
176
164
151
179
180
209
188
189
195
171
4342

75
65
64
62
69
49
58
63
66
82
81
64
53
70
63
71
87
78
60
35
60
65
64
73
64
62
62
82
67
72
82
76
90
87
97
86
83
89
83
85
98
92
63
64
73
76
84
90
87
3571

302
277
264
257
331
293
280
272
336
283
269
243
317
272
263
230
4489

92
78
77
77
96
136
106
100
92
93
107
133
136
127
123
122
120
125
139
123
126
124
121
113
141
140
144
140
121
105
153
147
152
150
111
110
4300

45
21
7
18
34
24
14
24
30
28
25
14
17
28
26
25
13
22
33
18
25
47
28
19
19
29
39
25
28
29
16
31
25
29
25
28
28
22
22
27
18
21
17
23
34
40
41
36
25
33
37
35
37
35
42
46
41
31
32
43
41
30
36
37
1818

277
259
272
272
252
252
262
259
251
2356

19
41
35
26
32
30
29
35
39
35
29
21
21
25
35
22
16
24
34
40
41
29
22
18
38
21
29
43
46
32
31
15
20
29
34
27
1063

98
90
86
72
102
105
96
82
94
103
87
84
79
102
79
61
1420

128
117
104
130
115
113
106
85
89
987

502
503
502
493
2000

13
17
27
34
91

731
709
802
785
3027

28
25
39
39
131

41
33
45
33
33
34
43
25
30
30
30
34
21
25
35
43
535

210
200
198
186
794

77
83
113
87
100
133
112
119
137
961

458
468
481
503
454
457
481
489
502
499
510
513
502
490
497
495
7799

133
144
127
119
103
126
118
114
74
105
108
107
78
97
100
98
1751

68
80
82
77
87
85
76
73
66
65
61
55
65
69
61
66
70
66
67
76
80
70
57
63
77
69
55
68
70
65
58
69
74
81
72
74
74
76
66
59
38
57
67
74
69
70
68
67
40
54
75
64
59
52
52
57
47
56
86
90
84
68
56
73
4315

35
29
31
20
115

557
567
536
564
2224

441
453
435
428
437
435
434
441
445
3949

95
95
111
104
98
116
107
90
110
926

48
33
33
44
24
27
28
23
33
293

69
60
81
81
291

68
84
86
94
87
77
61
54
67
65
82
87
84
75
62
71
75
84
90
82
70
58
61
60
74
82
82
67
65
64
70
69
71
76
74
47
56
62
61
55
70
75
62
70
78
74
65
60
73
3486

108
89
95
90
82
84
104
114
117
883

22
39
37
23
34
36
35
24
37
31
27
26
25
28
32
27
483

29
47
29
45
150

126
134
114
128
502

36
27
46
35
144

873
881
875
885
3514

539
557
552
542
553
534
525
560
524
514
496
521
543
549
549
565
555
554
591
563
552
542
503
530
544
560
577
558
561
590
571
547
534
513
538
549
561
559
543
541
568
553
536
520
507
545
543
549
546
546
555
580
578
561
554
497
522
517
521
528
539
552
572
572
570
568
497
516
516
514
531
540
550
559
554
565
559
505
519
514
504
529
537
549
544
543
548
541
507
508
515
518
545
546
559
552
551
563
548
506
499
501
491
519
515
518
512
502
516
492
497
483
469
457
485
490
497
498
494
512
497
64654

1114
1146
1168
1146
1113
1068
1077
1050
1077
1120
1133
1170
1190
1170
1136
1102
1103
1077
1107
1147
1126
1169
1180
1165
1135
1095
1089
1063
1094
1132
1122
1150
1163
1153
1122
1077
1068
1051
1090
1129
1131
1169
1175
1161
1131
1092
1085
1063
1102
1142
1084
1127
1136
1126
1102
1081
1063
1050
1090
1123
1108
1138
1144
1130
1108
1079
1052
1030
1059
1095
1079
1107
1114
1099
1082
1053
1033
1007
1019
1060
1053
1084
1097
1085
1065
1046
1020
1000
1019
1043
1027
1064
1078
1072
1050
1043
1036
1012
1040
1057
109607

683
696
742
795
695
700
732
781
709
714
742
776
695
702
732
764
11658

245
234
211
215
224
228
241
259
270
262
289
287
255
241
252
256
272
285
297
281
299
303
261
248
239
238
263
266
268
239
317
324
281
261
254
239
257
264
263
244
304
290
262
238
243
240
263
276
277
270
318
301
283
254
249
242
246
260
260
249
322
302
300
270
257
247
262
275
278
280
278
271
274
247
243
245
258
262
261
276
278
263
276
264
283
287
280
286
286
298
268
261
283
275
288
309
302
300
308
317
26877

65
66
62
51
57
65
49
40
67
73
44
32
75
73
53
34
906

2141
2154
2164
2161
2175
2184
2182
2190
2205
19556

1033
1012
1032
1003
4080

569
532
521
485
472
494
517
488
530
501
488
465
461
475
511
493
531
502
492
474
474
485
506
497
504
484
473
464
470
489
494
488
493
481
465
457
458
476
479
469
462
464
469
455
446
474
478
474
453
455
454
437
446
495
495
507
437
457
461
459
463
523
517
526
30914

1476
1480
1464
1467
1493
1517
1547
1463
1474
1476
1488
1525
1547
1589
1465
1473
1483
1496
1538
1539
1591
1456
1461
1464
1471
1498
1494
1553
1442
1454
1456
1462
1479
1470
1513
1421
1450
1462
1477
1497
1494
1526
1368
1382
1398
1418
1451
1438
1484
72530

1114
1111
1122
1129
1089
1079
1085
1088
1080
1075
1084
1072
1092
1085
1091
1063
17459

50
63
75
87
94
60
61
68
76
79
59
60
51
56
48
72
56
39
34
27
78
52
50
37
39
1471

468
465
463
462
442
443
441
437
464
464
455
444
432
417
413
413
406
434
445
451
442
440
432
436
432
421
440
441
457
446
443
423
427
418
429
447
459
460
440
443
416
424
417
429
449
478
492
485
487
458
458
455
463
484
498
512
507
500
474
479
467
481
495
475
480
475
471
444
453
439
452
468
518
538
513
500
476
488
487
496
504
37120

166
189
191
193
189
192
189
202
197
212
204
199
202
203
175
183
179
172
174
185
181
201
202
212
192
197
201
203
164
167
168
159
161
173
173
180
192
198
180
185
187
185
150
154
168
165
179
192
193
181
196
193
187
190
193
181
147
141
152
151
167
179
199
188
198
198
202
186
182
181
154
150
154
162
171
187
199
182
185
186
190
186
192
199
154
161
171
195
202
202
212
186
184
182
198
207
205
215
161
172
167
189
201
219
223
212
203
198
204
215
216
220
171
176
158
183
186
201
204
207
198
207
213
220
211
220
166
185
171
197
195
219
209
225
205
214
209
217
204
210
161
179
180
203
214
222
205
224
209
212
217
218
188
196
157
182
181
191
193
204
174
196
180
196
202
203
187
192
167
179
179
190
188
193
188
205
186
201
205
190
173
174
151
180
180
176
188
195
191
204
184
184
197
175
172
178
37041

61
81
61
58
71
80
101
87
73
53
61
47
43
28
70
77
77
47
36
64
79
57
55
65
71
86
84
69
62
50
40
46
31
65
64
85
57
42
58
71
52
48
53
52
68
77
83
78
62
51
57
39
55
50
78
59
56
66
77
64
52
47
39
48
59
69
73
55
61
64
57
53
53
62
66
72
76
70
58
53
59
58
51
53
59
68
72
88
85
77
57
62
63
69
83
81
73
56
57
65
71
60
58
54
63
57
78
75
79
58
54
51
64
82
75
62
56
71
79
89
77
67
52
45
57
65
71
66
67
65
65
63
72
72
62
75
69
72
81
87
75
60
52
59
47
48
52
64
59
52
54
66
86
77
86
75
65
73
76
75
63
59
72
65
57
63
75
76
57
57
75
94
83
78
63
64
83
87
85
75
76
77
75
69
75
77
63
57
59
81
85
82
71
66
65
82
92
94
85
71
62
74
71
79
76
76
73
67
74
71
63
65
55
65
76
84
84
70
60
42
57
69
78
76
74
79
62
66
61
64
64
45
49
60
67
76
70
72
52
69
74
92
72
72
68
63
65
62
59
46
28
39
46
45
60
58
77
59
74
77
88
75
58
61
57
66
59
52
32
22
32
38
39
52
60
86
67
72
70
81
80
68
78
76
63
62
62
38
43
43
37
39
49
65
74
61
54
60
69
88
84
95
78
66
60
62
54
63
55
41
47
57
73
76
72
73
68
70
87
93
97
75
63
73
76
66
67
51
37
53
55
78
74
86
78
65
70
87
94
89
68
73
85
63
55
47
46
43
61
63
74
74
76
72
61
64
76
85
87
70
68
23709

393
387
415
404
1599

67
70
81
82
300

162
164
152
154
147
152
160
167
202
147
149
154
167
162
157
161
153
182
169
160
164
171
159
155
165
157
188
173
161
179
193
169
171
172
152
167
168
159
179
188
169
176
177
162
176
166
160
185
204
192
186
193
167
176
164
155
174
183
178
187
202
185
186
166
159
171
182
173
183
187
171
167
178
182
186
183
184
181
185
189
194
13935

182
201
230
216
192
215
250
245
198
214
258
248
201
213
247
235
3545

112
115
123
113
463

211
186
194
200
224
211
215
208
199
187
199
206
196
184
206
203
3229

323
371
362
340
346
385
376
313
350
349
345
357
378
369
331
359
352
341
344
356
359
341
363
357
343
349
366
388
331
356
350
347
355
364
388
307
330
332
331
342
353
391
325
342
366
373
374
378
410
17358

448
456
440
425
448
455
455
452
434
446
445
432
420
412
424
459
426
423
427
445
453
415
424
423
440
10927

733
712
684
650
645
670
678
657
676
684
729
703
659
630
614
634
642
622
637
647
734
713
674
661
641
667
671
644
667
687
731
724
698
682
656
693
692
650
665
687
756
736
720
697
683
720
721
697
709
731
772
761
755
730
725
759
749
722
719
731
758
737
726
699
692
736
726
720
709
718
762
733
711
682
667
700
701
681
669
680
783
761
730
712
702
721
715
693
676
671
789
767
737
720
703
703
683
659
649
662
69979

115
115
121
108
95
107
109
118
108
95
85
81
113
126
116
105
87
86
111
126
114
107
99
103
122
138
123
117
120
131
124
135
133
133
121
133
4080

29
23
42
37
20
20
33
37
32
17
7
10
35
54
45
28
22
41
30
38
29
31
45
28
10
18
30
23
10
17
22
34
43
28
23
32
46
29
33
21
12
21
29
27
18
20
21
17
28
28
31
44
26
12
23
30
27
25
12
21
28
25
19
20
26
18
18
29
20
25
43
26
7
7
13
28
16
25
42
48
38
21
28
45
35
24
29
29
38
37
27
32
25
16
27
20
25
33
30
36
43
37
43
40
33
25
25
43
37
26
33
26
7
16
34
30
29
24
19
25
25
29
26
20
26
31
29
27
29
34
23
3
15
38
41
43
35
15
6
21
27
16
22
43
50
37
25
26
41
35
20
23
40
33
29
39
29
11
26
37
16
27
40
39
37
20
10
21
27
32
33
38
28
13
27
37
24
22
26
13
14
25
38
32
24
31
31
36
42
38
37
30
28
27
35
39
34
32
24
19
28
31
32
43
45
39
36
36
34
34
28
26
36
37
26
37
42
36
27
16
11
26
44
39
30
20
26
30
29
27
30
31
23
12
23
28
32
26
15
19
23
41
40
29
35
45
39
41
39
36
20
20
28
34
41
39
33
38
36
29
37
36
37
49
43
33
38
48
38
30
42
47
43
46
45
34
38
38
26
27
42
47
40
28
24
29
30
36
43
53
42
32
38
38
34
41
45
35
32
44
47
32
23
29
42
21
20
36
49
31
19
26
29
44
42
43
44
33
41
35
27
25
25
29
21
16
33
53
44
32
22
20
29
19
30
35
25
37
23
25
40
33
22
29
19
20
30
44
39
26
22
16
27
35
38
28
21
29
41
53
36
10876

878
914
889
876
907
895
912
930
924
8125

1241
1268
1260
1288
5057

1851
1866
1833
1824
1836
1812
1835
1853
1821
16531

811
838
841
834
821
828
843
845
865
913
938
840
883
863
855
851
865
879
868
879
926
948
880
918
907
902
901
913
914
893
917
962
972
868
908
910
920
923
936
933
901
941
996
990
886
921
930
957
968
974
964
913
945
997
1007
841
885
898
915
936
953
936
894
924
959
989
819
870
878
893
935
957
940
899
923
961
984
849
880
885
907
942
976
963
921
938
961
984
850
888
890
908
934
971
958
937
947
979
997
891
918
929
950
967
996
977
960
962
986
1006
923
950
949
972
993
1015
994
978
965
968
987
111691

75
63
70
85
86
80
87
72
76
99
105
100
93
81
94
107
106
99
80
82
93
94
79
77
80
80
84
73
66
57
69
70
81
64
59
52
2918

81
84
87
95
347

70
76
76
81
303

25
37
34
13
19
27
19
15
25
214

21
25
35
39
28
22
24
47
38
33
25
36
27
40
37
37
514

189
178
165
158
151
147
176
216
214
207
216
207
193
193
193
167
161
155
143
171
213
213
208
226
219
207
195
211
198
184
176
160
188
221
227
224
246
232
224
168
185
176
185
180
170
190
220
218
209
228
221
221
164
173
169
181
176
177
202
220
222
206
223
228
219
189
193
193
207
210
207
213
220
209
183
201
220
211
173
170
179
186
202
214
222
223
207
159
180
196
189
168
155
165
177
188
204
206
202
189
151
162
184
179
185
178
201
203
213
204
207
189
180
146
159
175
172
196
190
210
215
222
196
180
165
161
141
161
176
182
177
170
199
198
206
178
175
164
168
162
177
187
197
211
207
237
238
236
197
179
164
172
175
177
194
196
215
202
228
222
213
178
166
156
162
176
170
188
191
32404

25
34
29
32
31
25
9
19
44
37
16
22
40
45
25
18
451

1223
1192
1176
1181
1255
1215
1189
1199
1289
1240
1217
1215
1292
1245
1235
1222
19585

259
249
259
243
236
274
285
259
249
271
274
230
231
265
263
263
254
241
264
253
244
288
294
272
265
278
285
252
244
267
256
254
238
232
235
227
237
280
280
253
254
263
263
235
236
255
247
243
250
249
251
229
259
281
286
270
270
275
266
242
234
247
246
248
242
233
228
212
249
270
288
280
295
293
288
269
254
258
249
253
252
257
240
222
263
275
294
288
309
319
318
313
288
288
284
278
267
266
240
223
260
259
282
274
288
296
298
299
275
275
266
253
303
290
260
245
276
265
272
262
267
276
269
270
253
261
250
247
312
294
278
268
287
276
285
278
281
295
289
293
277
289
275
263
293
270
248
250
274
283
283
285
286
306
303
302
291
296
281
257
309
288
271
274
290
291
287
295
274
290
277
281
275
266
262
248
285
267
266
286
309
307
306
307
282
288
274
275
279
269
272
260
278
271
275
292
305
317
317
317
304
303
291
292
305
299
293
285
256
273
292
297
319
323
324
314
300
302
299
311
331
313
306
287
247
255
263
275
310
310
303
307
302
293
285
297
320
302
289
283
258
262
266
268
287
274
271
276
273
268
262
283
299
289
282
281
70327

67
56
65
74
73
80
72
77
77
641

544
580
571
594
610
654
642
637
656
566
603
603
636
650
686
666
659
665
565
610
616
651
676
702
684
669
665
582
628
617
646
654
680
661
652
645
591
635
627
641
640
674
654
634
624
557
603
587
601
607
645
632
632
622
584
640
625
637
643
679
680
682
675
583
634
632
630
635
652
656
651
639
597
639
645
644
642
654
675
673
650
51407

172
177
206
233
220
200
198
169
158
153
189
169
181
179
194
210
211
205
208
196
182
179
195
174
193
193
187
197
194
199
180
182
182
183
198
195
207
197
193
186
186
183
164
167
176
173
187
192
201
209
209
194
192
187
159
157
169
172
182
188
198
208
205
167
175
168
149
166
187
198
204
209
220
227
214
179
168
142
121
136
159
180
201
206
227
231
226
201
184
160
152
154
155
184
207
192
243
247
245
225
205
181
161
162
158
190
198
188
244
229
224
209
187
158
162
173
172
199
212
184
245
232
232
230
194
174
176
168
165
189
203
174
234
222
235
233
208
194
206
197
194
217
228
189
27626

1140
1172
1153
1148
1118
1098
1137
1123
1120
1110
1104
1153
1140
1141
1126
1105
1152
1150
1153
1148
1111
1151
1146
1143
1144
28386

1670
1666
1652
1662
1686
1647
1634
1619
1632
1667
1665
1647
1641
1658
1684
1649
1643
1633
1658
1669
1659
1657
1649
1666
1682
41395

260
243
233
247
234
224
233
240
238
245
246
263
278
285
265
251
243
245
240
234
238
246
252
255
250
260
286
279
270
258
249
253
241
230
224
230
237
250
246
264
302
282
287
281
264
259
261
237
225
228
242
242
234
265
299
276
281
266
262
247
232
202
183
196
206
211
212
249
285
262
285
278
279
270
260
231
201
214
206
206
197
235
271
246
276
290
280
271
257
251
221
226
235
234
233
258
287
263
278
282
271
274
252
245
224
236
236
242
243
259
287
270
292
301
303
293
278
261
244
255
245
245
239
250
277
275
288
297
310
300
276
268
240
237
218
225
225
225
254
264
292
317
317
317
304
298
263
249
241
248
229
229
256
262
283
304
298
295
284
290
263
254
263
265
245
238
264
268
278
292
288
295
292
281
261
256
260
255
228
235
261
253
265
300
297
298
294
282
270
259
285
265
243
258
266
256
50597

197
209
183
174
177
180
171
197
197
206
215
206
207
201
201
196
203
199
218
226
212
201
200
195
179
184
182
235
242
238
215
208
197
183
182
186
225
237
247
233
221
201
179
184
168
204
206
229
234
232
215
196
189
164
200
205
224
227
219
201
183
184
167
181
183
205
203
172
161
160
167
161
190
186
206
212
196
189
183
186
180
16097

29
18
37
38
26
35
35
18
6
26
40
26
26
29
28
24
38
36
26
21
18
45
46
44
22
28
36
28
39
35
34
20
23
37
49
29
29
34
24
7
16
27
25
34
40
35
23
28
27
1444

1547
1505
1539
1492
1467
1510
1455
1458
1484
13457

62
62
71
87
86
73
55
62
57
88
50
50
65
84
80
77
61
72
58
85
67
62
66
65
54
44
37
52
60
79
60
57
69
70
67
72
72
71
60
60
61
62
58
56
52
59
66
57
58
54
38
52
59
85
87
94
77
53
40
52
46
54
55
78
87
89
63
37
40
58
71
66
73
85
108
105
91
53
49
57
88
74
79
82
95
93
97
65
72
60
86
81
70
63
76
85
95
70
75
76
6796

1262
1260
1249
1283
1248
1289
1273
1235
1244
1228
1265
1221
1261
1258
1249
1258
1251
1277
1231
1276
1279
1255
1269
1265
1287
1242
1288
1299
1237
1253
1252
1273
1229
1289
1305
1184
1210
1216
1242
1197
1265
1295
1181
1214
1236
1275
1226
1293
1342
61516

223
228
245
264
249
249
264
272
289
272
270
283
290
259
264
275
4196

381
372
338
405
393
352
377
379
356
3353

1485
1444
1464
1431
5824

138
141
117
94
122
163
172
205
235
229
216
198
195
188
196
188
206
199
159
164
136
120
147
181
186
213
244
232
216
206
204
184
184
174
187
169
184
188
144
137
150
181
200
233
256
252
226
221
217
186
184
185
196
177
171
174
151
153
170
212
229
242
266
258
226
223
224
188
184
188
199
187
153
166
149
146
171
209
216
228
253
234
215
218
232
197
193
177
185
158
189
203
202
201
217
236
236
235
235
206
199
199
198
183
187
161
172
171
175
189
193
205
222
237
241
228
221
198
196
191
198
196
207
183
193
190
168
186
204
220
251
242
233
217
210
175
187
186
179
192
203
186
184
190
156
168
176
197
220
209
217
205
187
170
173
159
157
192
198
189
190
190
182
193
206
230
229
202
206
190
178
178
172
153
141
160
160
173
179
194
155
163
180
208
200
188
196
187
189
208
193
177
172
174
162
178
179
170
157
162
178
198
186
181
193
183
187
211
207
180
183
188
166
178
190
185
157
156
167
164
155
165
174
172
186
209
194
177
187
178
157
163
175
173
185
184
183
173
168
165
168
176
201
201
192
196
193
177
177
183
180
177
182
173
156
154
161
158
181
194
209
211
206
203
195
186
182
177
176
180
209
202
170
154
160
157
172
193
214
201
180
184
167
154
156
162
161
178
215
211
177
158
174
167
171
198
217
194
181
184
160
138
138
145
143
165
219
217
186
164
177
171
191
205
232
221
214
190
175
152
137
141
161
166
60648

267
273
255
254
241
235
218
289
300
280
269
256
239
229
295
297
284
266
249
239
227
286
280
275
255
232
242
234
274
278
283
274
256
274
273
254
258
270
271
260
281
295
254
250
263
270
269
295
309
12977

270
276
300
293
293
316
267
283
299
297
300
327
275
278
283
280
287
305
258
267
255
265
267
302
248
250
242
265
266
300
240
237
223
250
238
270
9872

2155
2202
2173
2203
2143
2147
2148
2184
2156
2194
2152
2157
2110
2160
2126
2173
2139
2149
2141
2200
2160
2205
2171
2175
2128
2171
2122
2164
2149
2164
2125
2164
2118
2163
2155
2180
77726

54
53
51
42
51
40
40
63
60
454

43
34
36
33
35
35
29
17
22
30
26
30
15
15
19
13
9
11
31
26
28
28
24
13
44
22
21
41
42
26
29
14
29
43
33
20
966

378
362
370
340
418
407
404
365
407
398
397
381
362
370
378
376
6113

121
99
90
102
103
111
113
102
107
112
100
100
91
103
121
113
114
107
110
122
102
114
116
97
105
2675

208
220
213
225
196
200
191
204
193
215
200
209
205
227
204
209
3319

70
57
67
83
95
77
87
84
62
62
59
71
69
91
70
49
61
72
74
72
82
61
42
56
71
66
67
75
42
48
65
83
69
65
66
42
48
49
57
56
53
56
34
53
54
55
37
35
50
3069

2014
2069
2021
2067
8171

129
118
147
153
139
126
153
148
146
133
148
144
155
162
171
165
2337

192
213
210
231
846

264
253
258
235
245
230
268
249
257
287
269
270
262
236
245
232
272
238
247
277
264
270
269
241
256
250
286
260
267
296
266
270
283
263
274
280
310
282
271
296
279
294
300
282
288
293
301
263
258
291
270
273
284
288
290
311
321
290
284
300
260
274
266
263
263
290
291
252
259
272
253
262
259
257
257
285
287
265
280
275
253
260
264
271
261
294
280
255
267
259
258
274
258
270
252
281
257
242
266
240
26940

1047
1054
1011
973
936
933
1062
1087
1030
984
943
938
1072
1108
1054
1017
985
965
1058
1087
1046
1009
985
982
1011
1044
1017
990
986
978
979
1024
993
957
967
964
36276

223
221
218
221
223
220
211
198
188
172
166
212
200
218
227
233
229
222
196
181
169
148
193
180
212
224
233
235
228
212
185
183
167
191
182
204
223
225
220
203
198
183
183
166
180
173
195
207
197
179
178
177
158
162
160
165
146
172
199
201
181
188
204
178
170
171
178
165
190
204
204
187
199
213
194
188
191
182
177
198
203
193
167
183
195
184
176
181
171
172
204
210
208
191
211
205
185
172
177
160
166
197
207
218
206
221
200
183
173
176
182
178
192
186
188
184
208
199
188
193
186
23316

2462
2483
2469
2416
2442
2427
2397
2423
2404
21923

2272
2294
2274
2298
9138

1007
1028
1045
1028
1048
1051
1055
1056
1052
9370

49
43
53
74
100
118
93
75
66
64
68
76
88
101
83
80
87
89
90
92
86
90
78
77
85
86
98
91
83
72
67
49
78
74
87
84
90
81
76
47
75
76
86
71
76
78
69
45
68
69
83
72
82
87
84
58
79
76
72
71
65
83
75
65
4933

278
273
272
277
268
275
289
297
279
288
296
284
286
263
274
286
285
280
293
303
275
273
245
264
267
264
261
278
285
262
252
234
263
272
266
260
268
270
256
248
226
234
241
241
253
256
254
241
237
225
238
241
244
256
273
277
260
259
232
236
227
227
240
257
252
233
232
208
226
220
233
250
256
243
243
233
224
241
245
258
264
20845

179
170
186
190
200
196
186
186
189
190
198
188
197
186
194
207
214
194
213
205
199
215
210
183
215
200
177
203
204
174
222
197
165
183
202
178
6995

396
430
441
421
387
421
415
398
369
391
382
357
351
373
364
341
6237

578
564
593
588
570
602
589
596
610
627
648
605
597
615
611
580
600
584
580
596
615
643
605
590
605
581
568
585
582
567
596
602
631
589
584
597
545
529
558
571
556
585
595
614
590
590
614
569
538
559
584
557
578
576
591
597
611
629
593
571
584
601
561
583
574
583
637
654
662
627
612
615
624
576
593
596
597
644
664
664
641
637
631
635
586
599
597
592
609
634
638
620
620
618
632
597
606
614
607
603
634
637
610
630
626
627
600
592
609
587
599
624
627
608
648
641
634
613
610
616
578
72890

954
931
906
871
872
944
944
922
901
900
944
932
911
903
903
935
924
890
879
877
946
921
899
878
875
22762

1855
1812
1796
1777
1853
1831
1820
1797
1816
1798
1806
1798
1803
1788
1798
1785
28933

25
15
21
16
77

686
669
687
684
662
680
688
669
685
6110

35
37
35
26
23
45
46
27
19
33
42
43
36
30
40
28
31
36
31
30
31
29
32
36
29
830

42
39
52
43
38
37
36
20
17
324

30
36
29
25
29
23
18
23
35
35
18
24
26
33
41
32
27
18
14
32
37
20
14
21
28
43
44
33
32
26
21
30
36
20
23
38
26
43
32
20
20
26
21
29
43
34
33
42
22
31
34
30
31
30
25
28
34
43
39
24
28
29
33
36
42
28
15
11
18
37
38
23
34
27
21
30
31
29
14
2
12
31
34
21
20
17
19
30
28
32
28
14
22
40
28
22
14
11
26
40
32
29
35
37
28
19
19
28
15
11
26
39
24
31
40
43
29
5
13
28
19
20
18
26
24
34
39
35
26
8
2
15
31
19
18
28
27
36
41
38
28
18
21
20
3891

31
29
42
33
34
26
23
23
22
20
10
20
18
23
17
19
390

369
358
378
373
371
353
350
376
368
366
362
371
361
373
369
387
362
345
360
354
355
344
362
372
391
390
407
372
366
365
358
357
358
396
397
405
417
414
370
349
352
345
348
335
402
396
403
411
402
356
329
338
338
336
318
398
392
387
390
386
344
316
332
336
339
314
384
364
361
374
362
327
320
324
337
342
312
398
374
354
359
334
301
308
308
325
326
297
394
370
363
375
337
310
327
341
355
342
304
395
360
339
345
309
289
297
330
344
343
312
361
333
313
317
287
279
303
332
338
344
326
42699

1149
1145
1101
1098
1094
1155
1147
1112
1102
1094
1105
1114
1100
1086
1097
1136
1143
1130
1104
1116
1121
1121
1100
1087
1100
27857

216
202
196
209
205
225
235
221
215
204
178
171
182
182
174
192
203
197
201
220
221
233
235
219
208
205
181
177
190
191
168
177
207
207
200
219
235
236
226
221
208
198
179
180
194
193
165
181
204
195
192
208
232
238
233
231
209
199
182
199
204
210
182
187
186
183
180
195
222
238
238
245
221
206
185
194
184
189
166
179
142
169
161
176
208
235
224
249
225
200
190
197
182
198
187
184
163
177
163
158
177
219
214
230
215
191
181
189
174
185
175
162
162
164
153
156
174
216
217
221
207
182
178
184
172
185
185
161
170
183
167
173
196
234
227
227
215
191
188
177
169
171
161
140
175
185
171
175
197
216
196
197
197
187
195
199
184
192
183
145
200
190
196
197
204
202
199
189
196
193
211
216
206
195
186
152
200
190
201
212
209
197
202
201
207
207
223
222
210
202
200
181
207
194
211
209
201
195
208
212
226
222
233
225
209
184
169
152
224
206
219
213
188
170
178
193
218
212
222
223
203
182
180
170
204
193
201
207
188
185
191
200
220
208
215
209
195
168
172
165
173
175
169
187
168
179
172
191
197
184
187
183
175
156
174
162
50005

521
537
529
540
520
510
473
486
449
459
475
494
511
527
515
529
525
529
503
503
462
487
445
459
483
489
510
526
511
515
518
523
492
484
460
487
448
458
477
467
489
509
507
504
505
497
471
469
448
474
427
439
458
447
478
484
525
523
503
493
478
469
468
495
445
458
472
450
465
470
486
482
472
471
471
476
464
479
443
452
474
450
471
466
496
488
467
463
450
462
455
457
430
438
461
428
443
431
517
510
480
471
459
473
472
456
443
447
471
448
463
448
504
492
472
460
452
474
463
439
446
459
478
459
458
433
479
473
454
448
452
478
456
429
443
446
454
439
423
401
473
469
451
450
458
479
465
441
456
470
488
480
459
438
459
467
456
472
485
506
508
484
501
509
527
506
479
462
464
475
468
484
485
516
503
490
498
496
520
519
505
479
480
485
476
499
499
523
509
501
509
510
520
523
500
478
93616

153
146
147
143
589

44
31
15
37
45
37
20
50
41
23
35
37
23
22
33
50
38
25
24
29
31
31
46
36
21
21
30
28
31
43
26
12
16
14
23
26
47
40
15
7
15
19
35
43
51
28
10
19
18
1441

396
427
425
440
484
490
484
386
426
426
454
490
502
485
421
457
443
465
502
516
506
409
437
424
460
482
499
484
429
453
439
467
482
500
486
442
459
452
483
499
510
497
440
452
435
469
492
509
491
22706

1503
1522
1543
1515
1538
1566
1483
1520
1556
13746

88
110
96
105
112
103
109
114
130
113
125
111
113
120
112
125
132
134
117
110
108
123
124
124
118
121
127
115
100
101
120
120
128
131
125
113
118
110
112
127
126
139
144
134
124
94
92
101
112
122
143
134
129
119
100
99
99
87
92
121
135
135
123
89
93
103
72
82
114
121
134
131
86
84
102
65
89
122
123
146
146
9250

21
25
27
28
18
22
8
16
22
16
13
13
23
34
35
15
21
28
40
40
33
33
44
36
29
640

582
605
602
587
625
632
621
618
603
594
581
575
636
619
592
591
9663

29
38
42
43
34
35
29
12
20
31
26
30
43
20
22
35
41
18
21
22
7
22
36
22
15
33
25
26
37
38
32
31
18
4
20
33
17
8
16
41
47
45
45
37
32
24
9
22
31
16
12
19
29
39
45
38
17
18
30
19
18
33
23
22
34
16
21
39
41
20
21
40
26
21
32
19
27
32
25
21
29
39
29
27
30
30
29
28
17
15
30
22
17
20
23
23
28
17
27
33
26
22
22
26
18
12
15
27
34
30
19
15
25
19
16
23
15
23
15
13
31
34
34
38
25
14
9
23
32
19
23
15
8
27
29
25
39
31
23
28
32
33
16
25
16
18
34
33
17
18
19
35
41
29
19
4
35
23
18
28
24
12
8
21
37
32
37
29
13
4318

384
374
365
381
373
364
391
387
384
3403

782
743
736
758
757
733
750
758
737
734
754
762
739
768
752
729
720
732
749
727
745
749
722
708
734
764
748
760
750
741
741
772
805
792
786
750
762
753
771
799
787
787
719
741
744
766
792
789
783
36980

468
480
514
520
452
468
507
503
487
505
539
522
484
510
538
510
8007

104
92
113
121
123
129
85
83
99
114
113
126
70
65
78
88
88
102
101
89
89
76
77
89
106
97
91
64
83
95
135
129
115
77
75
83
3464

50
46
49
61
57
59
71
74
73
540

70
72
77
64
77
75
69
68
49
70
70
79
78
63
69
78
85
83
67
81
77
92
84
84
89
1870

20
26
48
57
51
28
30
44
23
22
27
43
53
46
26
23
32
26
36
34
30
38
38
31
30
41
39
44
41
26
16
33
47
48
49
35
48
45
24
9
33
45
44
40
34
39
37
34
26
30
25
31
36
29
25
32
47
40
25
26
34
40
36
33
41
40
32
27
38
47
40
39
38
34
31
27
19
26
31
33
44
2815

33
38
25
32
128

60
70
93
86
74
71
82
72
78
91
83
73
76
88
70
73
1240

508
491
512
494
2005

13
22
35
30
19
20
55
42
32
268

258
254
266
255
1033

366
380
348
365
379
353
345
349
321
3206

123
98
121
97
439

43
26
9
2
8
31
34
42
25
14
15
11
15
21
31
22
25
30
20
20
30
23
18
18
22
18
19
23
25
32
33
32
30
12
8
36
40
38
36
34
12
19
33
28
32
36
38
24
30
1223

54
53
48
32
43
56
81
90
90
54
57
54
42
42
53
81
97
100
59
75
75
57
60
69
93
91
89
69
93
94
79
76
64
73
66
72
71
84
81
80
89
77
84
79
80
55
64
68
81
88
77
73
80
85
58
51
48
66
72
87
93
104
97
64
67
63
82
60
61
62
87
94
66
56
46
74
55
57
54
82
94
5777

537
539
522
546
536
528
545
540
537
4830

75
86
113
103
120
127
120
129
114
87
99
118
110
130
136
129
129
108
103
106
107
97
111
126
127
138
121
119
137
129
136
139
139
141
140
124
120
144
134
137
133
121
128
120
116
123
144
116
132
123
117
129
119
122
143
164
147
161
137
124
129
100
110
120
141
129
138
126
114
135
116
130
140
143
123
132
124
114
132
113
123
10059

396
399
397
414
397
389
379
395
390
380
370
376
382
374
356
372
6166

235
227
218
224
198
232
247
242
218
206
195
210
243
250
234
226
209
209
248
257
237
231
226
217
259
242
232
216
213
195
285
268
256
227
216
198
8246

108
104
103
98
413

22
28
37
35
122

688
673
666
658
2685

208
212
214
189
184
180
204
208
200
1799

135
122
111
110
150
136
114
104
138
123
107
102
135
132
112
120
1951

169
156
164
149
638

30
12
5
26
21
19
46
46
29
234

385
355
352
389
359
357
391
364
341
3293

39
49
38
30
39
33
26
29
31
314

80
79
73
88
60
61
66
81
61
57
54
58
71
66
73
69
1097

104
92
90
110
126
153
158
124
106
110
119
128
145
148
120
108
113
114
132
140
144
124
118
137
124
130
123
117
111
111
133
117
134
131
122
122
121
131
123
123
136
121
138
135
129
118
98
114
105
6030

40
43
45
43
35
51
38
29
40
50
35
26
28
35
37
26
601

36
35
35
26
36
52
50
30
21
26
25
26
36
45
48
47
28
26
25
35
39
43
37
29
38
34
37
25
33
37
35
22
12
26
38
46
33
35
32
27
17
24
30
31
47
32
36
36
24
11
21
26
21
41
21
18
20
19
17
21
36
25
32
19
8
12
29
32
28
33
19
19
29
28
32
37
29
23
19
8
7
2363

73
57
50
46
53
58
90
61
60
53
55
60
85
62
60
51
44
47
83
83
78
63
50
56
64
66
71
63
55
49
54
72
77
69
62
52
2232

28
37
37
36
138

15
33
34
23
28
31
34
32
28
34
19
44
39
34
38
24
31
41
30
34
39
46
37
45
43
33
38
32
23
34
42
36
30
25
22
33
34
26
29
30
36
37
29
8
19
39
33
31
33
26
41
30
19
13
31
40
33
37
34
34
39
21
19
23
20
29
33
39
34
28
27
13
16
30
17
14
38
44
34
31
16
9
19
37
36
22
35
45
51
47
15
10
20
32
36
34
33
35
42
30
3059

391
351
334
331
322
327
411
370
365
361
344
339
434
407
398
394
364
359
438
415
386
376
351
336
450
436
420
403
370
360
456
438
427
401
362
362
13789

354
337
346
318
1355

592
572
587
586
2337

292
277
241
255
295
294
250
267
287
283
228
252
273
271
226
244
4235

274
247
280
254
1055

53
49
51
47
42
64
50
41
53
450

58
38
57
64
52
63
72
68
61
533

198
208
202
220
213
192
189
206
206
222
220
197
186
205
210
214
226
203
197
212
219
208
220
200
188
204
212
193
205
181
182
201
218
204
200
185
7346

128
151
154
118
130
130
119
130
148
1208

180
170
151
150
140
139
185
174
139
141
139
132
189
173
144
147
147
140
201
192
167
174
156
152
188
179
162
180
162
156
159
161
152
165
162
158
5806

8
14
24
30
26
16
34
29
22
203

27
42
26
42
137

32
36
33
37
30
23
25
18
23
257

67
77
75
57
72
77
81
69
79
74
65
55
80
80
76
69
1153

35
38
37
30
13
17
26
42
19
18
4
17
35
32
18
25
406

40
46
44
32
31
37
30
33
41
334

85
80
71
59
94
83
75
66
58
68
72
76
77
71
67
79
1181

480
486
484
484
488
471
459
467
467
472
471
461
482
487
505
480
480
498
510
531
496
488
515
533
553
12248

36
43
45
34
23
23
26
25
34
13
8
24
31
25
18
19
427

324
328
322
314
1288

37
32
49
33
151

801
812
794
801
3208

417
423
412
405
401
424
434
426
412
411
423
428
424
418
419
413
419
403
389
406
407
405
395
377
380
10271

27
34
17
31
109

29
31
23
39
35
16
20
29
26
27
28
38
35
28
18
17
15
18
33
30
26
44
42
30
30
28
35
37
31
32
42
50
32
29
35
41
34
26
34
39
10
22
31
30
29
37
44
32
21
42
26
13
25
42
37
17
43
42
28
18
21
31
16
12
1901

14
26
43
36
17
13
2
11
22
18
9
12
9
7
6
13
25
29
13
20
13
4
24
36
11
18
28
28
28
23
24
21
39
53
36
18
749
